      TL{all}     8.443497    0.056480    7.983295    8.907490    8.437690   3134.12   3250.22    1.000
      TL{all}     8.354976    0.065171    7.861474    8.854825    8.348954   4351.70   4735.46    1.000
      TL{all}     8.280379    0.045930    7.867608    8.705003    8.277741   6243.36   6564.27    1.000
      TL{all}     8.112898    0.049489    7.690221    8.563827    8.109310   5254.81   5614.82    1.000
      TL{all}     8.554379    0.050462    8.117088    8.995711    8.551374   5828.68   6129.43    1.000
      TL{all}     5.299611    0.040507    4.919251    5.706286    5.294237   7235.23   7563.04    1.000
      TL{all}     7.582646    0.045786    7.172066    8.008573    7.578238   5616.13   5974.78    1.000
      TL{all}     5.278833    0.043754    4.873784    5.691470    5.273172   6174.96   6299.34    1.000
      TL{all}     6.529139    0.041839    6.120558    6.923363    6.524969   6216.14   6721.90    1.000
      TL{all}     8.905987    0.057956    8.436315    9.375136    8.902148   5344.31   5680.18    1.000
      TL{all}     7.471159    0.044829    7.069871    7.899216    7.467160   5598.81   5654.76    1.000
      TL{all}     3.552450    0.040260    3.163612    3.945216    3.544640   4729.23   4970.00    1.000
      TL{all}     5.799558    0.047599    5.383870    6.230696    5.795426   7107.94   7136.49    1.000
      TL{all}     3.657964    0.030859    3.325554    4.008688    3.652522   6469.40   6579.41    1.000
      TL{all}     9.273191    0.059135    8.787834    9.740320    9.271298   5474.73   5582.08    1.000
      TL{all}     9.060574    0.054015    8.606803    9.518723    9.057602   5919.11   5996.46    1.000
      TL{all}     8.037690    0.053949    7.586527    8.496763    8.032833   3697.61   3956.21    1.000
      TL{all}     4.944059    0.040111    4.551144    5.335927    4.936997   6885.13   6901.88    1.000
      TL{all}     2.703378    0.040680    2.322487    3.104751    2.691340   6241.23   6285.08    1.000
      TL{all}     4.033877    0.036348    3.665966    4.409707    4.026589   5702.28   5730.64    1.001
      TL{all}     8.256065    0.045959    7.834184    8.670958    8.252018   5414.78   5449.82    1.000
      TL{all}     5.579238    0.044960    5.170594    5.996454    5.573708   6630.74   6690.13    1.000
      TL{all}     7.463556    0.065066    6.974747    7.976625    7.459338   5480.17   5566.39    1.000
      TL{all}     5.458822    0.038145    5.079591    5.842100    5.454148   7012.89   7180.81    1.000
      TL{all}     7.495479    0.046602    7.072992    7.916765    7.491340   5371.54   5692.10    1.000
      TL{all}     7.475080    0.068723    6.970024    7.999170    7.467420   5663.10   5846.27    1.000
      TL{all}     8.221411    0.056523    7.742750    8.676846    8.217464   6419.39   6701.86    1.000
      TL{all}     7.077974    0.047105    6.644709    7.496521    7.073066   5773.27   5858.79    1.000
      TL{all}     7.005652    0.057428    6.551131    7.485395    6.999591   6743.65   7001.39    1.000
      TL{all}     6.757403    0.040408    6.360745    7.149078    6.753108   5706.41   5785.31    1.000
      TL{all}     7.773892    0.053631    7.330338    8.235100    7.767646   4258.60   4617.93    1.000
      TL{all}     7.822505    0.048634    7.385874    8.247511    7.815723   5646.08   6311.14    1.000
      TL{all}     6.809733    0.041843    6.420678    7.226098    6.806691   5055.91   5367.61    1.000
      TL{all}     4.041425    0.032918    3.687577    4.396277    4.036238   6845.00   7079.85    1.000
      TL{all}     7.499327    0.041442    7.109915    7.906656    7.495615   4429.08   4865.96    1.000
      TL{all}     4.050048    0.033683    3.694776    4.410054    4.044727   4693.58   4979.36    1.000
      TL{all}     4.892800    0.033652    4.535839    5.250237    4.888342   4363.78   4557.87    1.000
      TL{all}     3.705171    0.028624    3.379148    4.039649    3.699137   4479.96   4615.32    1.000
      TL{all}     4.768811    0.037086    4.400462    5.152732    4.763145   7749.51   7990.50    1.000
      TL{all}     5.281616    0.035516    4.917148    5.651722    5.277321   5370.96   5424.23    1.000
      TL{all}     8.641219    0.054899    8.194244    9.105091    8.635437   3988.92   3994.42    1.000
      TL{all}     5.544790    0.037008    5.173714    5.928750    5.540018   4142.37   4829.96    1.000
      TL{all}     8.428115    0.055823    7.970043    8.887963    8.423030   3146.60   3740.64    1.000
      TL{all}     9.123450    0.053278    8.682729    9.581910    9.119767   5591.31   5853.53    1.000
      TL{all}     8.445738    0.057958    7.982985    8.921629    8.442199   5722.46   6082.17    1.000
      TL{all}     5.843124    0.038917    5.460308    6.231752    5.838993   6390.92   6435.60    1.000
      TL{all}     6.378314    0.034264    6.028346    6.746427    6.376007   5035.34   5195.85    1.000
      TL{all}     5.102954    0.041315    4.711144    5.505479    5.095616   5321.29   5538.86    1.000
      TL{all}     7.417941    0.051981    6.965080    7.858377    7.413257   5635.53   5744.25    1.000
      TL{all}     7.184947    0.041794    6.796806    7.599844    7.180487   4792.77   4972.71    1.000
      TL{all}     5.032327    0.039079    4.652198    5.420763    5.027170   5494.77   5610.20    1.000
      TL{all}     5.208265    0.047758    4.799455    5.651375    5.200343   5910.91   6278.10    1.000
      TL{all}     4.354640    0.035686    3.986277    4.729247    4.348807   7021.53   7122.04    1.000
      TL{all}     6.832514    0.050901    6.398529    7.282420    6.827987   5123.49   5403.40    1.000
      TL{all}     6.726327    0.043317    6.316734    7.126170    6.724678   6171.25   6398.73    1.000
      TL{all}     6.428278    0.040185    6.031738    6.820073    6.422739   5430.43   5565.03    1.000
      TL{all}     9.306262    0.057924    8.836061    9.778547    9.301437   5324.28   5627.95    1.000
      TL{all}     4.968107    0.034610    4.611755    5.341534    4.964967   7184.43   7668.86    1.000
      TL{all}     5.315975    0.040957    4.923387    5.714122    5.310399   7096.54   7567.34    1.000
      TL{all}     6.607086    0.041405    6.217626    7.015523    6.601032   4963.09   5172.98    1.000
      TL{all}     3.266010    0.030798    2.924900    3.610671    3.260515   5508.16   5851.76    1.000
      TL{all}     7.547984    0.048608    7.111482    7.974899    7.544608   3995.61   4403.75    1.000
      TL{all}     5.378703    0.037666    5.004408    5.761840    5.374649   6268.69   6429.07    1.000
      TL{all}     9.118036    0.057006    8.663057    9.594872    9.114421   4409.69   5269.07    1.000
      TL{all}     8.469408    0.051845    8.036043    8.928966    8.464991   4859.27   5453.72    1.000
      TL{all}     9.196877    0.067416    8.695734    9.707899    9.190227   5245.80   5384.27    1.000
      TL{all}     4.233157    0.032251    3.889336    4.589861    4.227641   8028.57   8355.38    1.000
      TL{all}     5.577520    0.048294    5.162545    6.016874    5.569932   6209.74   6495.37    1.000
      TL{all}     6.488263    0.045474    6.081775    6.916257    6.483896   7828.54   7923.62    1.000
      TL{all}     6.552421    0.045922    6.134996    6.974994    6.548033   6725.95   6897.87    1.000
      TL{all}     6.954121    0.038415    6.573596    7.339638    6.950105   5575.26   5658.48    1.000
      TL{all}     6.909972    0.049188    6.490297    7.355909    6.904763   6787.57   7006.58    1.000
      TL{all}     8.729238    0.056042    8.271946    9.200962    8.725476   6421.22   6600.03    1.000
      TL{all}     6.062615    0.049895    5.630004    6.504190    6.056841   6741.92   6788.01    1.000
      TL{all}     5.086631    0.031427    4.734605    5.429186    5.083377   8096.88   8106.86    1.000
      TL{all}     2.696448    0.035651    2.319702    3.059640    2.687165   8110.96   8312.90    1.000
      TL{all}     8.383703    0.053219    7.925649    8.830654    8.378549   5591.35   5615.18    1.000
      TL{all}     3.722680    0.026876    3.412391    4.057629    3.718613   8274.49   8484.70    1.000
      TL{all}     7.704344    0.047995    7.279119    8.131284    7.701782   5769.68   5786.41    1.000
      TL{all}     4.780223    0.032506    4.423744    5.128213    4.776826   8599.85   8618.59    1.000
      TL{all}     7.778857    0.051670    7.337058    8.227546    7.774288   5864.08   5898.99    1.000
      TL{all}     9.540842    0.060864    9.076751   10.041000    9.535655   5983.37   6300.01    1.000
      TL{all}     7.712525    0.051784    7.276790    8.162933    7.705800   4986.53   5200.31    1.000
      TL{all}     7.077653    0.049258    6.649809    7.518988    7.072781   5412.24   5466.63    1.000
      TL{all}     5.598788    0.048927    5.182288    6.047666    5.592830   6382.64   6540.09    1.000
      TL{all}     7.848802    0.051445    7.414734    8.303978    7.843502   5808.66   5972.52    1.000
      TL{all}     6.152109    0.044885    5.747862    6.575773    6.145895   5887.78   5889.24    1.000
      TL{all}     4.991277    0.037862    4.607476    5.365234    4.985412   6493.05   6672.39    1.000
      TL{all}     5.143653    0.033305    4.785859    5.502654    5.138596   6267.13   6405.80    1.000
      TL{all}     6.474657    0.050421    6.047450    6.921381    6.469992   6142.53   6426.23    1.000
      TL{all}     8.568823    0.055945    8.115378    9.036369    8.564970   5022.49   5036.13    1.000
      TL{all}     8.441721    0.058457    7.962917    8.907129    8.436784   6780.93   6937.20    1.000
      TL{all}    10.570603    0.085450   10.003970   11.143650   10.565240   4820.81   4911.75    1.000
      TL{all}     4.804160    0.049740    4.377088    5.252631    4.797364   6760.89   7349.29    1.000
      TL{all}     8.410776    0.051904    7.975977    8.865352    8.406277   6945.93   7038.02    1.000
      TL{all}     9.690207    0.063118    9.196648   10.177410    9.684636   4693.68   5048.42    1.000
      TL{all}     4.722751    0.028866    4.395714    5.062697    4.719975   5276.19   5458.37    1.000
      TL{all}     5.222969    0.030601    4.877618    5.562294    5.220451   6880.74   6976.15    1.000
      TL{all}     8.038658    0.054365    7.597753    8.510929    8.032734   4702.83   5277.79    1.000
      TL{all}     6.618900    0.049956    6.186355    7.057983    6.611936   4807.92   5141.53    1.000
