      clockrate{all}                1.023762    0.002116    0.932795    1.112809    1.023269    414.60    458.89    1.000
      clockrate{all}                1.095289    0.002183    1.003473    1.185615    1.094102   1280.24   1469.16    1.001
      clockrate{all}                1.040518    0.001790    0.956409    1.121425    1.039971    345.03    373.41    1.001
      clockrate{all}                1.096408    0.002179    1.008473    1.190595    1.094864    477.40    530.86    1.002
      clockrate{all}                1.035041    0.001568    0.955593    1.111650    1.034451    797.01    851.86    1.000
      clockrate{all}                1.075430    0.003777    0.958210    1.197148    1.073873   1591.93   1592.82    1.000
      clockrate{all}                1.041558    0.002052    0.953429    1.131387    1.041561   1135.15   1171.20    1.000
      clockrate{all}                1.243883    0.008224    1.069414    1.423729    1.240566    498.66    548.99    1.001
      clockrate{all}                1.019498    0.003015    0.915792    1.130367    1.017716    339.81    354.19    1.002
      clockrate{all}                1.002245    0.001969    0.913338    1.085391    1.001518    434.69    702.97    1.000
      clockrate{all}                1.018251    0.001644    0.939563    1.097252    1.017252    794.17   1085.82    1.000
      clockrate{all}                1.005821    0.005208    0.865093    1.148364    1.003171    394.09    544.52    1.002
      clockrate{all}                1.147355    0.003369    1.034132    1.260522    1.147014   1324.51   1441.79    1.001
      clockrate{all}                1.138032    0.009518    0.952834    1.333816    1.133091    861.20    899.24    1.000
      clockrate{all}                0.981250    0.001612    0.903933    1.061016    0.980599    347.25    456.48    1.000
      clockrate{all}                1.085836    0.001782    1.004085    1.169525    1.085307    139.75    373.29    1.004
      clockrate{all}                1.040678    0.001493    0.966606    1.117527    1.039781   1085.60   1225.91    1.000
      clockrate{all}                1.050258    0.006825    0.886394    1.206438    1.048673    846.40    859.32    1.001
      clockrate{all}                1.009806    0.009246    0.824068    1.199564    1.007395   2151.94   2353.70    1.000
      clockrate{all}                1.058555    0.003125    0.951125    1.170752    1.056772   1917.79   1948.47    1.000
      clockrate{all}                1.007735    0.001566    0.930306    1.085760    1.007385   1124.55   1153.17    1.001
      clockrate{all}                1.106604    0.003309    0.997065    1.219759    1.105165   1139.54   1202.19    1.000
      clockrate{all}                1.183438    0.006338    1.033083    1.342555    1.180890    587.62    601.15    1.000
      clockrate{all}                1.077514    0.004120    0.954577    1.206208    1.074967    364.11    442.84    1.003
      clockrate{all}                1.083196    0.002110    0.993684    1.172245    1.083249    851.72    898.98    1.000
      clockrate{all}                1.042697    0.002751    0.943683    1.149965    1.041900    998.95   1140.06    1.000
      clockrate{all}                1.022751    0.003901    0.900282    1.145223    1.022531    526.50    553.66    1.002
      clockrate{all}                1.077107    0.002549    0.980253    1.178798    1.076806    963.33   1007.05    1.001
      clockrate{all}                1.116767    0.004089    0.993756    1.246406    1.115560    428.11    526.42    1.006
      clockrate{all}                1.069237    0.001901    0.984289    1.155920    1.068969    744.12    953.39    1.000
      clockrate{all}                1.095492    0.002938    0.991954    1.202253    1.094160    304.96    384.47    1.004
      clockrate{all}                1.063399    0.002037    0.976677    1.153242    1.063214    584.20    718.13    1.002
      clockrate{all}                1.034921    0.001728    0.952218    1.115384    1.034910    687.87    771.63    1.000
      clockrate{all}                1.121897    0.004741    0.987609    1.255770    1.120598   1482.30   1807.39    1.001
      clockrate{all}                1.052663    0.001631    0.975962    1.133335    1.051919    819.75    913.97    1.001
      clockrate{all}                1.051136    0.004171    0.927322    1.178676    1.049463   1028.95   1082.29    1.000
      clockrate{all}                0.978504    0.003446    0.866410    1.095467    0.976612    460.36    645.92    1.000
      clockrate{all}                1.091033    0.004034    0.969176    1.217800    1.089386    362.02    533.51    1.000
      clockrate{all}                1.017627    0.003778    0.895303    1.134911    1.015905   1591.65   1633.08    1.001
      clockrate{all}                0.982215    0.002366    0.888744    1.078550    0.981093   1345.74   1416.26    1.001
      clockrate{all}                1.072070    0.001467    0.998081    1.147703    1.071508   1140.73   1193.39    1.000
      clockrate{all}                1.032279    0.003101    0.923512    1.139458    1.030359    224.41    250.35    1.000
      clockrate{all}                1.006133    0.001519    0.927841    1.081212    1.005778    567.59    572.50    1.000
      clockrate{all}                1.108655    0.001963    1.023919    1.195395    1.107867    118.65    263.25    1.001
      clockrate{all}                1.099255    0.002697    1.000679    1.204579    1.098553    659.76    759.85    1.003
      clockrate{all}                1.086630    0.003113    0.979245    1.198023    1.085105   1126.97   1341.23    1.000
      clockrate{all}                1.104397    0.003862    0.990757    1.233338    1.100111    399.58    401.93    1.001
      clockrate{all}                1.121144    0.004978    0.988085    1.265106    1.119521    651.38    691.89    1.000
      clockrate{all}                1.151342    0.002835    1.049007    1.257713    1.151379   1035.00   1171.82    1.001
      clockrate{all}                1.016958    0.001829    0.932527    1.100400    1.015783    491.70    506.85    1.003
      clockrate{all}                1.081784    0.003895    0.959559    1.204507    1.079864   1068.58   1156.83    1.000
      clockrate{all}                1.190555    0.004789    1.056986    1.328291    1.190179   1282.14   1327.10    1.000
      clockrate{all}                1.123418    0.005572    0.978401    1.267375    1.121329   1019.66   1031.92    1.000
      clockrate{all}                1.246870    0.003332    1.137460    1.364549    1.244931    593.75    666.07    1.001
      clockrate{all}                1.065488    0.002603    0.967724    1.167405    1.064679   1403.90   1405.41    1.000
      clockrate{all}                1.140000    0.002902    1.038811    1.249061    1.140146    871.74    932.99    1.000
      clockrate{all}                1.036527    0.001562    0.958398    1.113525    1.036268    604.30    644.89    1.000
      clockrate{all}                1.040329    0.004361    0.910932    1.169085    1.040562    799.44    866.25    1.000
      clockrate{all}                1.081795    0.004511    0.953542    1.218244    1.080514    510.86    556.66    1.000
      clockrate{all}                0.991259    0.002187    0.901896    1.083738    0.990285    254.93    373.95    1.000
      clockrate{all}                0.942025    0.008307    0.772654    1.129994    0.936930    632.60    638.05    1.001
      clockrate{all}                1.095183    0.002225    1.001565    1.185603    1.095098    271.02    363.06    1.001
      clockrate{all}                1.143575    0.003329    1.029706    1.256058    1.142913   1320.35   1353.27    1.000
      clockrate{all}                1.020152    0.001791    0.936220    1.101237    1.019865    555.84    573.44    1.001
      clockrate{all}                1.017712    0.001945    0.933444    1.107053    1.017186    904.21   1001.09    1.000
      clockrate{all}                1.042188    0.002227    0.952106    1.136345    1.041244    330.28    467.53    1.001
      clockrate{all}                1.045506    0.005219    0.904049    1.186591    1.045605    689.48    704.87    1.000
      clockrate{all}                1.084503    0.003877    0.965718    1.208389    1.083522   1206.01   1255.63    1.000
      clockrate{all}                1.051210    0.003647    0.937026    1.174741    1.049411   1044.34   1077.76    1.001
      clockrate{all}                1.040858    0.003352    0.923785    1.151512    1.039688    756.95    835.44    1.001
      clockrate{all}                1.079792    0.001878    0.994785    1.164553    1.079059    762.74    941.87    1.003
      clockrate{all}                1.072531    0.003233    0.957916    1.181033    1.071881   1085.52   1205.02    1.000
      clockrate{all}                0.993648    0.002999    0.884463    1.097852    0.992033    404.65    502.56    1.000
      clockrate{all}                1.144110    0.004660    1.015145    1.281982    1.141611    527.29    577.83    1.000
      clockrate{all}                0.998378    0.002413    0.905884    1.098149    0.997242    550.86    620.74    1.001
      clockrate{all}                1.174616    0.011882    0.966856    1.391159    1.170249   2105.30   2211.53    1.000
      clockrate{all}                1.106017    0.002380    1.007800    1.199309    1.105964     80.01    162.32    1.013
      clockrate{all}                0.969213    0.004772    0.837367    1.104185    0.966773   1545.84   1562.00    1.000
      clockrate{all}                1.052501    0.002157    0.962700    1.143426    1.051049    716.97    761.12    1.000
      clockrate{all}                1.033485    0.005598    0.887128    1.178599    1.031428    539.81    644.12    1.000
      clockrate{all}                1.094639    0.002465    0.997511    1.192998    1.094093    123.84    211.69    1.009
      clockrate{all}                1.038261    0.002175    0.949341    1.130629    1.037553    419.30    457.93    1.000
      clockrate{all}                1.096407    0.002155    1.003303    1.186579    1.095970   1012.13   1074.10    1.000
      clockrate{all}                1.083959    0.003764    0.969804    1.208010    1.079972    305.29    305.89    1.000
      clockrate{all}                1.088023    0.003362    0.977877    1.205589    1.087030   1557.04   1578.32    1.000
      clockrate{all}                1.087452    0.002103    0.995957    1.176172    1.087053    887.29    998.00    1.000
      clockrate{all}                1.106930    0.005143    0.966232    1.242329    1.107728    435.59    449.86    1.005
      clockrate{all}                0.953517    0.004223    0.827725    1.087983    0.954203    195.20    226.57    1.000
      clockrate{all}                1.075092    0.003141    0.964605    1.183212    1.074687    524.88    672.42    1.000
      clockrate{all}                1.174766    0.003632    1.056939    1.292306    1.174216    924.29   1152.12    1.000
      clockrate{all}                1.050968    0.002108    0.958516    1.139469    1.050884    860.16    911.60    1.005
      clockrate{all}                1.119847    0.003150    1.004952    1.225041    1.120606    966.04    974.62    1.000
      clockrate{all}                1.087711    0.001934    1.000401    1.171961    1.086947     69.71    100.83    1.008
      clockrate{all}                1.105204    0.005504    0.958900    1.252662    1.105899   1063.46   1139.83    1.003
      clockrate{all}                1.006349    0.002066    0.922135    1.099108    1.004550    106.46    153.69    1.000
      clockrate{all}                1.015521    0.002069    0.927458    1.106116    1.014274    541.82    577.97    1.000
      clockrate{all}                1.187376    0.003144    1.081225    1.299537    1.186300    818.81    873.12    1.000
      clockrate{all}                1.059180    0.004470    0.928947    1.189049    1.057558    486.60    527.83    1.000
      clockrate{all}                1.128289    0.003205    1.019221    1.237385    1.127830    278.62    351.38    1.000
      clockrate{all}                1.049907    0.002821    0.948000    1.154984    1.048967    772.26    844.38    1.000
