      age{all}[0]        1.000000    0.000000    1.000000    1.000000    1.000000
      age{all}[0]        1.000881    0.001465    0.930927    1.081308    0.996814
      age{all}[0]         0.972719    0.001255    0.911150    1.043568    0.968376    1.020    2
      age{all}[0]        1.000000    0.000000    1.000000    1.000000    1.000000
      age{all}[0]        1.006475    0.000144    0.982601    1.028807    1.005802
      age{all}[0]        1.006905    0.000453    0.975308    1.050248    1.002838    1.003    2
      age{all}[0]        1.000000    0.000000    1.000000    1.000000    1.000000
      age{all}[0]        0.986219    0.000268    0.955996    1.018948    0.984774
      age{all}[0]         0.987407    0.000392    0.952643    1.027116    0.985053    1.038    2
      age{all}[0]        1.000000    0.000000    1.000000    1.000000    1.000000
      age{all}[0]        0.998752    0.000277    0.970227    1.036632    0.996273
      age{all}[0]         0.996324    0.000345    0.961864    1.032012    0.994869    1.008    2
      age{all}[0]        1.000000    0.000000    1.000000    1.000000    1.000000
      age{all}[0]        0.990711    0.000215    0.961163    1.016652    0.990351
      age{all}[0]         0.983619    0.000212    0.957563    1.014285    0.982113    1.008    2
      age{all}[0]        1.000000    0.000000    1.000000    1.000000    1.000000
      age{all}[0]        1.032307    0.000550    0.988696    1.078573    1.030217
      age{all}[0]        1.027440    0.000540    0.981972    1.071288    1.026195    1.000    2
      age{all}[0]        1.000000    0.000000    1.000000    1.000000    1.000000
      age{all}[0]        1.005548    0.000142    0.982340    1.028246    1.004908
      age{all}[0]        0.996720    0.000120    0.976831    1.018671    0.995708    1.000    2
      age{all}[0]        1.000000    0.000000    1.000000    1.000000    1.000000
      age{all}[0]        0.909734    0.001945    0.829809    0.995572    0.906162
      age{all}[0]        0.891745    0.002208    0.802659    0.990929    0.887888    1.005    2
      age{all}[0]        1.000000    0.000000    1.000000    1.000000    1.000000
      age{all}[0]        0.980124    0.000130    0.958422    1.004035    0.979378
      age{all}[0]        0.989995    0.000237    0.962268    1.020123    0.988871    1.005    2
      age{all}[0]        1.000000    0.000000    1.000000    1.000000    1.000000
      age{all}[0]        0.992200    0.000655    0.941434    1.040117    0.990823
      age{all}[0]         0.968724    0.000723    0.923376    1.024898    0.963560    1.000    2
      age{all}[0]        1.000000    0.000000    1.000000    1.000000    1.000000
      age{all}[0]        1.080546    0.001759    0.999468    1.167426    1.077493
      age{all}[0]        1.069562    0.001657    0.998896    1.146963    1.065405    1.000    2
      age{all}[0]        1.000000    0.000000    1.000000    1.000000    1.000000
      age{all}[0]        0.942915    0.002412    0.847500    1.035165    0.940302
      age{all}[0]        0.893497    0.002466    0.831189    0.983986    0.887388    1.002    2
      age{all}[0]        1.000000    0.000000    1.000000    1.000000    1.000000
      age{all}[0]        0.983314    0.001223    0.919809    1.052004    0.979492
      age{all}[0]        0.944784    0.000853    0.889992    1.002830    0.942292    1.001    2
      age{all}[0]        1.000000    0.000000    1.000000    1.000000    1.000000
      age{all}[0]        1.027316    0.002055    0.944976    1.120109    1.025175
      age{all}[0]        0.977832    0.002061    0.888749    1.064738    0.974270    1.000    2
      age{all}[0]        1.000000    0.000000    1.000000    1.000000    1.000000
      age{all}[0]        1.011125    0.000458    0.970974    1.054286    1.009460
      age{all}[0]         1.004260    0.000543    0.960060    1.048661    1.004049    1.011    2
      age{all}[0]        1.000000    0.000000    1.000000    1.000000    1.000000
      age{all}[0]        1.010897    0.000312    0.979500    1.045540    1.009605
      age{all}[0]         0.999501    0.000306    0.966121    1.035239    0.998529    1.008    2
      age{all}[0]        1.000000    0.000000    1.000000    1.000000    1.000000
      age{all}[0]        0.997079    0.000069    0.981150    1.013541    0.996542
      age{all}[0]         1.007490    0.000598    0.975434    1.061352    0.999701    1.012    2
      age{all}[0]        1.000000    0.000000    1.000000    1.000000    1.000000
      age{all}[0]        1.016283    0.000886    0.960467    1.076745    1.014023
      age{all}[0]        1.001527    0.000812    0.949162    1.059418    0.999718    1.001    2
      age{all}[0]        1.000000    0.000000    1.000000    1.000000    1.000000
      age{all}[0]        0.911527    0.002338    0.823943    1.008032    0.908135
      age{all}[0]        0.865377    0.001801    0.788537    0.952063    0.861894    1.000    2
      age{all}[0]        1.000000    0.000000    1.000000    1.000000    1.000000
      age{all}[0]        0.996149    0.000399    0.957652    1.033891    0.994533
      age{all}[0]        0.983013    0.000408    0.951796    1.020471    0.980474    1.000    2
      age{all}[0]        1.000000    0.000000    1.000000    1.000000    1.000000
      age{all}[0]        0.981071    0.000280    0.948567    1.013636    0.979657
      age{all}[0]         0.986355    0.000663    0.943151    1.039668    0.982047    1.000    2
      age{all}[0]        1.000000    0.000000    1.000000    1.000000    1.000000
      age{all}[0]        1.011751    0.000112    0.992419    1.032845    1.011129
      age{all}[0]        1.021813    0.000519    0.988020    1.071170    1.016326    1.000    2
      age{all}[0]        1.000000    0.000000    1.000000    1.000000    1.000000
      age{all}[0]        0.991778    0.001721    0.913471    1.072808    0.989973
      age{all}[0]        0.976862    0.001472    0.907039    1.054086    0.973256    1.003    2
      age{all}[0]        1.000000    0.000000    1.000000    1.000000    1.000000
      age{all}[0]        1.025522    0.000762    0.970834    1.075747    1.024983
      age{all}[0]        1.020625    0.001052    0.962458    1.083472    1.017993    1.000    2
      age{all}[0]        1.000000    0.000000    1.000000    1.000000    1.000000
      age{all}[0]        1.003042    0.000869    0.950013    1.060739    1.000453
      age{all}[0]        0.965148    0.000507    0.925071    1.010018    0.962058    1.028    2
      age{all}[0]        1.000000    0.000000    1.000000    1.000000    1.000000
      age{all}[0]        0.958806    0.001006    0.898889    1.019896    0.956689
      age{all}[0]        0.951544    0.000921    0.895284    1.014049    0.949562    1.000    2
      age{all}[0]        1.000000    0.000000    1.000000    1.000000    1.000000
      age{all}[0]        1.031330    0.001073    0.968102    1.095863    1.029730
      age{all}[0]        1.018798    0.001065    0.958158    1.084633    1.016980    1.000    2
      age{all}[0]        1.000000    0.000000    1.000000    1.000000    1.000000
      age{all}[0]        0.963518    0.000743    0.905679    1.013402    0.961106
      age{all}[0]        0.946801    0.000596    0.900342    0.996311    0.944782    1.001    2
      age{all}[0]        1.000000    0.000000    1.000000    1.000000    1.000000
      age{all}[0]        1.011422    0.001612    0.938393    1.092382    1.010511
      age{all}[0]        1.012988    0.001871    0.930499    1.098481    1.010730    1.003    2
      age{all}[0]        1.000000    0.000000    1.000000    1.000000    1.000000
      age{all}[0]        0.896939    0.000545    0.854575    0.945577    0.894328
      age{all}[0]         0.900756    0.000569    0.857570    0.949656    0.898722    1.000    2
      age{all}[0]        1.000000    0.000000    1.000000    1.000000    1.000000
      age{all}[0]        0.986511    0.000400    0.950572    1.025554    0.984301
      age{all}[0]         0.979657    0.000396    0.942171    1.018217    0.978051    1.004    2
      age{all}[0]        1.000000    0.000000    1.000000    1.000000    1.000000
      age{all}[0]        1.009875    0.000709    0.958950    1.063280    1.008278
      age{all}[0]        1.005179    0.000650    0.956148    1.056361    1.003926    1.003    2
      age{all}[0]        1.000000    0.000000    1.000000    1.000000    1.000000
      age{all}[0]        1.025158    0.000413    0.991170    1.068101    1.023074
      age{all}[0]        1.012862    0.000230    0.985100    1.044713    1.012122    1.013    2
      age{all}[0]        1.000000    0.000000    1.000000    1.000000    1.000000
      age{all}[0]        1.072416    0.001583    1.001818    1.156225    1.068054
      age{all}[0]        1.042180    0.002018    0.971144    1.128135    1.033996    1.011    2
      age{all}[0]        1.000000    0.000000    1.000000    1.000000    1.000000
      age{all}[0]        0.971940    0.000165    0.947124    0.997997    0.971455
      age{all}[0]         0.968912    0.000187    0.942823    0.995671    0.967808    1.001    2
      age{all}[0]        1.000000    0.000000    1.000000    1.000000    1.000000
      age{all}[0]        1.010219    0.000267    0.980890    1.042692    1.009046
      age{all}[0]        1.004849    0.000246    0.976364    1.036998    1.003651    1.000    2
      age{all}[0]        1.000000    0.000000    1.000000    1.000000    1.000000
      age{all}[0]        0.992878    0.001136    0.931935    1.064065    0.991896
      age{all}[0]        0.970332    0.000882    0.913064    1.028605    0.968172    1.001    2
      age{all}[0]        1.000000    0.000000    1.000000    1.000000    1.000000
      age{all}[0]        0.949943    0.001569    0.889909    1.032407    0.942401
      age{all}[0]        0.925681    0.001639    0.882305    1.005036    0.911753    1.000    2
      age{all}[0]        1.000000    0.000000    1.000000    1.000000    1.000000
      age{all}[0]        1.003629    0.000071    0.988533    1.020970    1.002768
      age{all}[0]        1.004090    0.000124    0.985573    1.025302    1.002299    1.000    2
      age{all}[0]        1.000000    0.000000    1.000000    1.000000    1.000000
      age{all}[0]        0.987714    0.000210    0.959913    1.015659    0.986850
      age{all}[0]        0.984101    0.000165    0.960265    1.010772    0.983456    1.008    2
      age{all}[0]        1.000000    0.000000    1.000000    1.000000    1.000000
      age{all}[0]        1.056425    0.001014    1.003997    1.126544    1.053291
      age{all}[0]         1.049747    0.001184    0.991005    1.123214    1.044673    1.002    2
      age{all}[0]        1.000000    0.000000    1.000000    1.000000    1.000000
      age{all}[0]        0.985940    0.000510    0.939607    1.027295    0.987566
      age{all}[0]        0.976760    0.000498    0.934817    1.021789    0.975364    1.005    2
      age{all}[0]        1.000000    0.000000    1.000000    1.000000    1.000000
      age{all}[0]        0.975814    0.001033    0.919601    1.046559    0.969695
      age{all}[0]         0.948431    0.001459    0.876963    1.022660    0.947007    1.000    2
      age{all}[0]        1.000000    0.000000    1.000000    1.000000    1.000000
      age{all}[0]        0.972467    0.000225    0.942565    1.000554    0.971326
      age{all}[0]         0.965477    0.000326    0.930539    0.998958    0.965442    1.001    2
      age{all}[0]        1.000000    0.000000    1.000000    1.000000    1.000000
      age{all}[0]        1.003003    0.000361    0.970951    1.039058    1.000834
      age{all}[0]        0.978286    0.000123    0.960369    0.997221    0.976843    1.002    2
      age{all}[0]        1.000000    0.000000    1.000000    1.000000    1.000000
      age{all}[0]        0.999279    0.000215    0.972057    1.027751    0.998282
      age{all}[0]        0.991477    0.000180    0.967309    1.019363    0.990504    1.000    2
      age{all}[0]        1.000000    0.000000    1.000000    1.000000    1.000000
      age{all}[0]        1.011340    0.000389    0.976081    1.050841    1.009312
      age{all}[0]         1.013480    0.000444    0.975421    1.054440    1.011744    1.000    2
      age{all}[0]        1.000000    0.000000    1.000000    1.000000    1.000000
      age{all}[0]        1.046570    0.000499    1.001218    1.086980    1.046596
      age{all}[0]        1.034384    0.000794    0.980111    1.089996    1.032999    1.022    2
      age{all}[0]        1.000000    0.000000    1.000000    1.000000    1.000000
      age{all}[0]        1.027655    0.000208    1.001100    1.057085    1.026689
      age{all}[0]        1.013112    0.000148    0.989795    1.036873    1.012294    1.000    2
      age{all}[0]        1.000000    0.000000    1.000000    1.000000    1.000000
      age{all}[0]        1.015646    0.000419    0.980262    1.054418    1.010882
      age{all}[0]         1.000035    0.000245    0.971812    1.031844    0.998803    1.005    2
      age{all}[0]        1.000000    0.000000    1.000000    1.000000    1.000000
      age{all}[0]        1.013184    0.000286    0.979038    1.045835    1.012437
      age{all}[0]        1.008048    0.000291    0.975027    1.041158    1.006893    1.000    2
      age{all}[0]        1.000000    0.000000    1.000000    1.000000    1.000000
      age{all}[0]        1.011693    0.001145    0.949163    1.074446    1.007736
      age{all}[0]        0.996306    0.001173    0.931163    1.064295    0.994119    1.000    2
      age{all}[0]        1.000000    0.000000    1.000000    1.000000    1.000000
      age{all}[0]        0.951086    0.000761    0.902197    1.009737    0.948606
      age{all}[0]        0.947442    0.000715    0.897049    1.001930    0.945567    1.000    2
      age{all}[0]        1.000000    0.000000    1.000000    1.000000    1.000000
      age{all}[0]        0.994729    0.001610    0.921541    1.073852    0.993759
      age{all}[0]        0.973676    0.001450    0.901270    1.043444    0.971808    1.002    2
      age{all}[0]        1.000000    0.000000    1.000000    1.000000    1.000000
      age{all}[0]        0.975674    0.000222    0.946633    1.004636    0.974508
      age{all}[0]        0.969812    0.000214    0.942671    0.998591    0.968730    1.001    2
      age{all}[0]        1.000000    0.000000    1.000000    1.000000    1.000000
      age{all}[0]        0.991040    0.000281    0.967381    1.023502    0.987345
      age{all}[0]        0.977187    0.000099    0.966028    0.997113    0.974564    1.001    2
      age{all}[0]        1.000000    0.000000    1.000000    1.000000    1.000000
      age{all}[0]        1.001573    0.000597    0.957549    1.048758    0.999886
      age{all}[0]         0.985031    0.000501    0.948940    1.027863    0.980953    1.000    2
      age{all}[0]        1.000000    0.000000    1.000000    1.000000    1.000000
      age{all}[0]        0.986226    0.000649    0.940736    1.039308    0.983714
      age{all}[0]        0.991158    0.000695    0.942637    1.044041    0.989562    1.000    2
      age{all}[0]        1.000000    0.000000    1.000000    1.000000    1.000000
      age{all}[0]        1.015670    0.000675    0.969512    1.070547    1.013478
      age{all}[0]        0.997444    0.000635    0.950230    1.048113    0.995632    1.005    2
      age{all}[0]        1.000000    0.000000    1.000000    1.000000    1.000000
      age{all}[0]        1.017416    0.000403    0.980950    1.056261    1.017775
      age{all}[0]        1.006432    0.000384    0.968723    1.044981    1.005152    1.001    2
      age{all}[0]        1.000000    0.000000    1.000000    1.000000    1.000000
      age{all}[0]        1.003411    0.000291    0.973212    1.038139    1.001659
      age{all}[0]        0.993629    0.000420    0.959089    1.026915    0.991081    1.002    2
      age{all}[0]        1.000000    0.000000    1.000000    1.000000    1.000000
      age{all}[0]        0.991100    0.000652    0.949147    1.043231    0.987762
      age{all}[0]         0.963784    0.000427    0.926973    1.003457    0.960755    1.009    2
      age{all}[0]        1.000000    0.000000    1.000000    1.000000    1.000000
      age{all}[0]        0.986865    0.000197    0.959257    1.014169    0.986351
      age{all}[0]        0.978999    0.000172    0.954015    1.005042    0.978137    1.001    2
      age{all}[0]        1.000000    0.000000    1.000000    1.000000    1.000000
      age{all}[0]        0.964957    0.000334    0.931718    1.001499    0.963862
      age{all}[0]         0.953948    0.000504    0.911440    0.997095    0.952603    1.004    2
      age{all}[0]        1.000000    0.000000    1.000000    1.000000    1.000000
      age{all}[0]        0.991867    0.000435    0.956966    1.032828    0.989751
      age{all}[0]         0.979133    0.000415    0.940881    1.019129    0.978277    1.005    2
      age{all}[0]        1.000000    0.000000    1.000000    1.000000    1.000000
      age{all}[0]        1.005787    0.000630    0.957563    1.054735    1.004101
      age{all}[0]         1.000969    0.000856    0.946023    1.057644    0.998343    1.001    2
      age{all}[0]        1.000000    0.000000    1.000000    1.000000    1.000000
      age{all}[0]        1.048303    0.002924    0.950669    1.152437    1.040563
      age{all}[0]        1.013668    0.001924    0.930712    1.102086    1.011232    1.004    2
      age{all}[0]        1.000000    0.000000    1.000000    1.000000    1.000000
      age{all}[0]        1.017355    0.000421    0.978232    1.057985    1.015859
      age{all}[0]        1.020362    0.000726    0.972610    1.072958    1.016520    1.000    2
      age{all}[0]        1.000000    0.000000    1.000000    1.000000    1.000000
      age{all}[0]        1.019656    0.000851    0.959919    1.073567    1.018699
      age{all}[0]        1.004643    0.000750    0.952109    1.058990    1.002987    1.000    2
      age{all}[0]        1.000000    0.000000    1.000000    1.000000    1.000000
      age{all}[0]        1.012387    0.000373    0.977540    1.052580    1.011070
      age{all}[0]        0.997375    0.000316    0.963812    1.032153    0.995994    1.000    2
      age{all}[0]        1.000000    0.000000    1.000000    1.000000    1.000000
      age{all}[0]        0.984492    0.000340    0.947383    1.017300    0.984554
      age{all}[0]         0.975739    0.000330    0.943023    1.012533    0.974228    1.000    2
      age{all}[0]        1.000000    0.000000    1.000000    1.000000    1.000000
      age{all}[0]        1.003624    0.000418    0.966077    1.044342    1.001768
      age{all}[0]        1.001450    0.000397    0.963677    1.040433    1.000114    1.001    2
      age{all}[0]        1.000000    0.000000    1.000000    1.000000    1.000000
      age{all}[0]        1.004055    0.000483    0.961329    1.048206    1.003157
      age{all}[0]        0.998039    0.000756    0.945118    1.052070    0.995888    1.000    2
      age{all}[0]        1.000000    0.000000    1.000000    1.000000    1.000000
      age{all}[0]        1.018193    0.001148    0.954166    1.085413    1.015468
      age{all}[0]        1.012692    0.001362    0.942502    1.086713    1.009247    1.008    2
      age{all}[0]        1.000000    0.000000    1.000000    1.000000    1.000000
      age{all}[0]        0.995618    0.000354    0.962497    1.033419    0.993813
      age{all}[0]        0.981700    0.000296    0.949361    1.016403    0.979984    1.025    2
      age{all}[0]        1.000000    0.000000    1.000000    1.000000    1.000000
      age{all}[0]        0.999163    0.004284    0.875263    1.129031    0.992670
      age{all}[0]        0.972945    0.004473    0.852958    1.107061    0.966920    1.000    2
      age{all}[0]        1.000000    0.000000    1.000000    1.000000    1.000000
      age{all}[0]        1.028836    0.000980    0.966207    1.088580    1.025177
      age{all}[0]        1.022471    0.000627    0.976692    1.076891    1.020524    1.004    2
      age{all}[0]        1.000000    0.000000    1.000000    1.000000    1.000000
      age{all}[0]        1.003344    0.000373    0.966552    1.040463    1.002108
      age{all}[0]        0.995351    0.000650    0.951186    1.047371    0.991221    1.000    2
      age{all}[0]        1.000000    0.000000    1.000000    1.000000    1.000000
      age{all}[0]        0.989780    0.000119    0.967308    1.014006    0.990205
      age{all}[0]         0.986779    0.000197    0.960718    1.014078    0.985958    1.001    2
      age{all}[0]        1.000000    0.000000    1.000000    1.000000    1.000000
      age{all}[0]        0.987711    0.000391    0.950506    1.026822    0.986732
      age{all}[0]        0.990224    0.000540    0.947816    1.036988    0.988337    1.000    2
      age{all}[0]        1.000000    0.000000    1.000000    1.000000    1.000000
      age{all}[0]        0.970290    0.001182    0.908504    1.041562    0.966377
      age{all}[0]        0.959994    0.001518    0.890076    1.041462    0.956794    1.002    2
      age{all}[0]        1.000000    0.000000    1.000000    1.000000    1.000000
      age{all}[0]        1.036204    0.000755    0.984110    1.093015    1.032550
      age{all}[0]         1.017197    0.001397    0.952669    1.093365    1.012312    1.006    2
      age{all}[0]        1.000000    0.000000    1.000000    1.000000    1.000000
      age{all}[0]        1.057316    0.000996    0.996131    1.121594    1.055604
      age{all}[0]        1.047886    0.001034    0.992034    1.115108    1.044737    1.001    2
      age{all}[0]        1.000000    0.000000    1.000000    1.000000    1.000000
      age{all}[0]        0.905353    0.001279    0.843061    0.980342    0.901378
      age{all}[0]        0.880280    0.001194    0.814996    0.947079    0.877542    1.003    2
      age{all}[0]        1.000000    0.000000    1.000000    1.000000    1.000000
      age{all}[0]        1.015851    0.000970    0.960019    1.078722    1.013080
      age{all}[0]        1.000159    0.001024    0.940734    1.061298    0.997938    1.001    2
      age{all}[0]        1.000000    0.000000    1.000000    1.000000    1.000000
      age{all}[0]        1.008749    0.000603    0.964205    1.058080    1.007859
      age{all}[0]        1.001498    0.000484    0.960031    1.043626    1.000486    1.000    2
      age{all}[0]        1.000000    0.000000    1.000000    1.000000    1.000000
      age{all}[0]        0.939450    0.002844    0.843868    1.037178    0.935804
      age{all}[0]        0.921495    0.002790    0.821084    1.024262    0.917830    1.003    2
      age{all}[0]        1.000000    0.000000    1.000000    1.000000    1.000000
      age{all}[0]        0.993255    0.000439    0.952559    1.034898    0.992329
      age{all}[0]        0.996133    0.000563    0.951293    1.043444    0.995069    1.002    2
      age{all}[0]        1.000000    0.000000    1.000000    1.000000    1.000000
      age{all}[0]        0.969595    0.000436    0.932139    1.012693    0.968420
      age{all}[0]        0.958829    0.000353    0.923108    0.994680    0.957525    1.007    2
      age{all}[0]        1.000000    0.000000    1.000000    1.000000    1.000000
      age{all}[0]        0.971776    0.000966    0.913813    1.032473    0.969800
      age{all}[0]        0.954594    0.000987    0.897949    1.017077    0.951911    1.012    2
      age{all}[0]        1.000000    0.000000    1.000000    1.000000    1.000000
      age{all}[0]        1.025087    0.000508    0.986738    1.072536    1.022586
      age{all}[0]        1.002388    0.000326    0.968319    1.037547    1.000871    1.003    2
      age{all}[0]        1.000000    0.000000    1.000000    1.000000    1.000000
      age{all}[0]        0.982735    0.000361    0.946302    1.019737    0.980947
      age{all}[0]        0.966919    0.000281    0.937201    1.001210    0.965349    1.000    2
      age{all}[0]        1.000000    0.000000    1.000000    1.000000    1.000000
      age{all}[0]        1.008220    0.000210    0.983982    1.044439    1.006646
      age{all}[0]         1.005438    0.000759    0.961496    1.056757    1.004622    1.030    2
      age{all}[0]        1.000000    0.000000    1.000000    1.000000    1.000000
      age{all}[0]        1.043179    0.001787    0.961474    1.124312    1.040454
      age{all}[0]        0.961305    0.001273    0.900525    1.033090    0.957388    1.003    2
      age{all}[0]        1.000000    0.000000    1.000000    1.000000    1.000000
      age{all}[0]        1.002804    0.000512    0.966255    1.052345    1.000094
      age{all}[0]         0.980926    0.000442    0.942755    1.021910    0.980100    1.005    2
      age{all}[0]        1.000000    0.000000    1.000000    1.000000    1.000000
      age{all}[0]        1.011692    0.000207    0.986786    1.041629    1.009938
      age{all}[0]         1.013710    0.000209    0.985716    1.042053    1.012890    1.001    2
      age{all}[0]        1.000000    0.000000    1.000000    1.000000    1.000000
      age{all}[0]        1.013959    0.000258    0.984979    1.045149    1.013572
      age{all}[0]        1.004268    0.000192    0.979463    1.033022    1.002786    1.009    2
      age{all}[0]        1.000000    0.000000    1.000000    1.000000    1.000000
      age{all}[0]        0.989385    0.000049    0.976563    1.003368    0.988682
      age{all}[0]        0.990993    0.000099    0.974403    1.010668    0.989446    1.000    2
      age{all}[0]        1.000000    0.000000    1.000000    1.000000    1.000000
      age{all}[0]        0.924717    0.000999    0.864004    0.986007    0.922868
      age{all}[0]        0.909901    0.000696    0.861196    0.964007    0.906917    1.000    2
      age{all}[0]        1.000000    0.000000    1.000000    1.000000    1.000000
      age{all}[0]        1.029713    0.002273    0.946376    1.128269    1.024684
      age{all}[0]        1.006577    0.002214    0.920860    1.106395    1.003201    1.000    2
