      clockrate                1.011507    0.001290    0.943597    1.083988    1.011220    378.44    417.48    1.002
      clockrate                1.039117    0.001519    0.962067    1.115230    1.039361    739.93    764.48    1.003
      clockrate                1.051350    0.000905    0.991181    1.109223    1.051376    112.49    148.24    1.001
      clockrate                0.988984    0.001013    0.928723    1.053190    0.988371    287.54    398.20    1.000
      clockrate                1.040812    0.001160    0.974519    1.106878    1.041022    234.71    377.83    1.000
      clockrate                1.036739    0.001914    0.953368    1.124106    1.036192   1243.33   1260.08    1.000
      clockrate                1.068782    0.000945    1.008585    1.129370    1.068570   1431.15   1461.78    1.001
      clockrate                1.054456    0.003103    0.945596    1.163078    1.053541    308.70    336.33    1.001
      clockrate                1.029118    0.002007    0.943344    1.118767    1.028491    218.65    224.68    1.003
      clockrate                1.051041    0.001380    0.980134    1.124766    1.050989    445.10    520.33    1.001
      clockrate                1.011344    0.001030    0.950777    1.076582    1.011539    670.69    682.77    1.001
      clockrate                0.986859    0.003005    0.877222    1.090356    0.985192    467.47    608.57    1.000
      clockrate                1.084013    0.003038    0.976943    1.193912    1.082445    455.07    492.75    1.001
      clockrate                1.106787    0.005010    0.973658    1.250419    1.105201    747.28    787.12    1.002
      clockrate                0.956202    0.001013    0.891970    1.016561    0.956186    391.95    396.11    1.000
      clockrate                1.042373    0.000960    0.981431    1.102119    1.042483    313.49    315.92    1.000
      clockrate                0.999330    0.001027    0.936415    1.062053    0.998633    491.80    499.83    1.002
      clockrate                1.100198    0.004365    0.973761    1.231008    1.099862    521.73    525.51    1.000
      clockrate                1.087868    0.003113    0.975052    1.195194    1.088204   2523.85   2605.20    1.000
      clockrate                1.116310    0.001604    1.035455    1.193016    1.116418   3253.08   3475.02    1.001
      clockrate                1.095425    0.001086    1.029642    1.159186    1.095521    967.52    972.73    1.000
      clockrate                1.007093    0.002125    0.920203    1.101913    1.006990    400.10    577.31    1.006
      clockrate                0.960246    0.002990    0.858063    1.072093    0.958449    424.55    427.12    1.006
      clockrate                1.047227    0.002118    0.955879    1.137277    1.047212    180.83    260.19    1.003
      clockrate                1.070693    0.001432    0.995989    1.143919    1.070170    365.64    486.85    1.002
      clockrate                1.027458    0.001750    0.945129    1.109067    1.026703    655.76    701.71    1.000
      clockrate                0.952961    0.002214    0.863964    1.048604    0.952373    327.51    429.89    1.004
      clockrate                1.064080    0.001362    0.991875    1.137211    1.063676    877.40   1007.38    1.000
      clockrate                1.033999    0.002221    0.940197    1.125473    1.033134    499.43    531.11    1.002
      clockrate                0.993676    0.001112    0.927641    1.059383    0.994026    386.16    437.24    1.001
      clockrate                1.002110    0.001950    0.916242    1.088647    1.001406    189.29    208.56    1.001
      clockrate                1.034422    0.001308    0.961238    1.103289    1.034428    492.60    519.38    1.002
      clockrate                1.052821    0.000856    0.995490    1.109882    1.052597    525.97    694.02    1.000
      clockrate                1.091893    0.002602    0.994612    1.194256    1.092051   1305.12   1365.56    1.000
      clockrate                1.054000    0.000729    0.999692    1.105202    1.053421    934.96   1027.91    1.001
      clockrate                0.979393    0.002752    0.882043    1.088522    0.975180    720.79    724.21    1.000
      clockrate                1.083757    0.002376    0.989669    1.180384    1.083386    394.14    516.89    1.000
      clockrate                1.029991    0.001671    0.952190    1.111882    1.028246    138.97    155.87    1.001
      clockrate                1.099090    0.002538    1.001705    1.198375    1.097919   1318.67   1369.39    1.000
      clockrate                1.028088    0.001466    0.952711    1.103081    1.027298   1563.11   1695.29    1.000
      clockrate                0.986491    0.001147    0.919471    1.051512    0.986356    275.78    474.59    1.010
      clockrate                1.066388    0.001629    0.990066    1.147238    1.066134    502.60    600.24    1.000
      clockrate                1.012132    0.001057    0.951606    1.079037    1.011823     98.71    196.34    1.000
      clockrate                1.052790    0.001247    0.982668    1.119987    1.052607    153.97    180.53    1.000
      clockrate                1.103439    0.001364    1.031659    1.175614    1.103144    641.34    804.14    1.001
      clockrate                1.012233    0.001474    0.939770    1.090344    1.011586    913.15   1015.87    1.000
      clockrate                1.016281    0.001722    0.936426    1.098376    1.015440    329.31    417.63    1.000
      clockrate                1.134308    0.002301    1.042164    1.229940    1.133199    351.78    465.26    1.001
      clockrate                1.011192    0.001297    0.939099    1.080421    1.010332    790.65    845.14    1.000
      clockrate                1.046917    0.001161    0.981831    1.115896    1.046630    346.39    385.62    1.001
      clockrate                1.111848    0.002441    1.019153    1.212944    1.110806    962.68    978.45    1.000
      clockrate                1.126055    0.002363    1.030021    1.220783    1.125399   1495.07   1554.09    1.001
      clockrate                0.971694    0.002792    0.871922    1.078344    0.971320    877.71    905.37    1.000
      clockrate                1.098914    0.001948    1.015016    1.188644    1.099093    252.55    262.27    1.001
      clockrate                1.066921    0.001285    0.997726    1.138546    1.066407   1040.63   1198.02    1.000
      clockrate                1.059939    0.001760    0.978107    1.141628    1.059435    474.54    480.49    1.003
      clockrate                1.018277    0.001012    0.956039    1.079928    1.017743    224.89    385.89    1.000
      clockrate                1.052199    0.002706    0.950970    1.153095    1.051814    639.56    721.60    1.000
      clockrate                1.021899    0.002538    0.921552    1.119927    1.021039    594.40    612.43    1.010
      clockrate                1.015087    0.001506    0.940566    1.091912    1.014646    264.84    328.87    1.003
      clockrate                0.950105    0.004540    0.821430    1.085059    0.947561    283.20    354.26    1.000
      clockrate                1.002013    0.001231    0.932151    1.069616    1.002115    282.22    305.11    1.000
      clockrate                1.011878    0.001417    0.937420    1.084875    1.011643   1023.83   1089.41    1.002
      clockrate                1.000517    0.001150    0.935232    1.067505    1.000186    457.63    470.08    1.000
      clockrate                1.114072    0.001146    1.050616    1.182845    1.113494    821.59    877.04    1.000
      clockrate                1.039444    0.001268    0.967956    1.108142    1.039311    298.21    368.63    1.003
      clockrate                1.031105    0.002966    0.923306    1.134966    1.031679    947.80    990.84    1.001
      clockrate                1.021379    0.002178    0.932219    1.115730    1.020163   1067.32   1071.31    1.001
      clockrate                1.094685    0.002475    0.999140    1.193980    1.093006    569.66    709.28    1.001
      clockrate                1.100866    0.002215    1.011634    1.197106    1.099409    646.22    700.51    1.000
      clockrate                1.007236    0.001016    0.942575    1.067094    1.007561    434.99    486.57    1.010
      clockrate                1.047968    0.001865    0.964019    1.132649    1.047833    968.53    997.56    1.000
      clockrate                1.091410    0.001535    1.015557    1.168953    1.090719    524.79    543.88    1.001
      clockrate                1.026106    0.001830    0.943053    1.110271    1.025290    321.38    335.41    1.000
      clockrate                1.036551    0.001166    0.970238    1.103538    1.035752   1737.23   1754.29    1.000
      clockrate                1.122072    0.005876    0.973051    1.272351    1.119240   2225.57   2355.72    1.000
      clockrate                0.988066    0.001190    0.921281    1.055999    0.987693    109.93    196.82    1.002
      clockrate                1.109371    0.002903    1.004075    1.214994    1.109528   1483.46   1572.61    1.001
      clockrate                1.015172    0.000961    0.955881    1.077290    1.014273    828.60    892.90    1.000
      clockrate                1.214908    0.003332    1.100540    1.326441    1.214265    599.80    669.16    1.000
      clockrate                1.088217    0.001491    1.014124    1.165585    1.087995     71.24    136.61    1.010
      clockrate                1.025472    0.000899    0.968072    1.085422    1.025271    466.62    605.01    1.001
      clockrate                1.075702    0.001239    1.007171    1.146485    1.075814    850.24    903.22    1.001
      clockrate                0.979649    0.001586    0.899030    1.055638    0.979554    308.55    313.25    1.001
      clockrate                1.105348    0.001877    1.020695    1.190535    1.106479   1983.40   2175.75    1.000
      clockrate                1.047706    0.001249    0.978242    1.116990    1.047189    573.16    591.45    1.001
      clockrate                1.064901    0.001947    0.977627    1.151124    1.065145    356.11    440.33    1.000
      clockrate                1.040958    0.002537    0.943768    1.140374    1.039330    157.96    198.17    1.006
      clockrate                1.045030    0.001562    0.968615    1.123862    1.044828    346.90    409.54    1.001
      clockrate                1.080872    0.002077    0.991373    1.171415    1.081117    366.79    566.49    1.000
      clockrate                1.149132    0.001400    1.074569    1.221336    1.149750    581.13    696.22    1.002
      clockrate                1.039883    0.001575    0.963411    1.118513    1.039940    902.73    955.61    1.000
      clockrate                1.037597    0.000808    0.981037    1.091788    1.037385     91.22    116.85    1.030
      clockrate                1.183789    0.002744    1.080276    1.287425    1.183733   1540.61   1595.17    1.000
      clockrate                1.042218    0.001261    0.974952    1.113324    1.041224    242.21    278.59    1.000
      clockrate                0.971122    0.001126    0.905684    1.037592    0.970306    301.67    412.85    1.001
      clockrate                1.107548    0.001455    1.032283    1.182778    1.107705    722.91    751.86    1.000
      clockrate                1.024094    0.002709    0.919822    1.125804    1.022526    450.73    461.34    1.000
      clockrate                1.071978    0.001241    1.004583    1.141758    1.071147    367.05    423.05    1.001
      clockrate                0.936788    0.001634    0.860701    1.019336    0.936229    351.38    382.46    1.000
