      age[0]        1.000000    0.000000    1.000000    1.000000    1.000000
      age[0]        0.969617    0.000533    0.918772    1.012213    0.968268
      age[0]         0.953487    0.000548    0.910359    1.001180    0.950951    1.000    2
      age[0]        1.000000    0.000000    1.000000    1.000000    1.000000
      age[0]        0.997438    0.000087    0.979517    1.016419    0.996941
      age[0]        0.998939    0.000346    0.971571    1.041230    0.994481    1.001    2
      age[0]        1.000000    0.000000    1.000000    1.000000    1.000000
      age[0]        0.988586    0.000135    0.969101    1.007019    0.986121
      age[0]         0.984968    0.000255    0.956274    1.016289    0.984220    1.018    2
      age[0]        1.000000    0.000000    1.000000    1.000000    1.000000
      age[0]        0.996482    0.000406    0.960197    1.035622    0.994173
      age[0]         0.999665    0.000256    0.970244    1.033426    0.998391    1.000    2
      age[0]        1.000000    0.000000    1.000000    1.000000    1.000000
      age[0]        1.019198    0.000197    0.992531    1.045429    1.018549
      age[0]         1.019226    0.000215    0.992633    1.050836    1.017738    1.004    2
      age[0]        1.000000    0.000000    1.000000    1.000000    1.000000
      age[0]        0.991091    0.000248    0.961636    1.022961    0.990017
      age[0]        0.986448    0.000250    0.957249    1.019483    0.985335    1.001    2
      age[0]        1.000000    0.000000    1.000000    1.000000    1.000000
      age[0]        1.004291    0.000081    0.986029    1.021578    1.004146
      age[0]        0.998435    0.000076    0.982042    1.015489    0.997948    1.000    2
      age[0]        1.000000    0.000000    1.000000    1.000000    1.000000
      age[0]        0.944343    0.002055    0.858256    1.036445    0.944942
      age[0]        0.934555    0.001591    0.859351    1.013983    0.931790    1.000    2
      age[0]        1.000000    0.000000    1.000000    1.000000    1.000000
      age[0]        1.001177    0.000177    0.976574    1.027934    0.999618
      age[0]        1.003221    0.000217    0.975860    1.033413    1.002007    1.020    2
      age[0]        1.000000    0.000000    1.000000    1.000000    1.000000
      age[0]        0.989476    0.000760    0.943909    1.056120    0.985439
      age[0]         0.969920    0.000533    0.930709    1.014670    0.966482    1.002    2
      age[0]        1.000000    0.000000    1.000000    1.000000    1.000000
      age[0]        1.006675    0.000619    0.955351    1.052477    1.007738
      age[0]        0.993243    0.000607    0.948252    1.046351    0.990311    1.011    2
      age[0]        1.000000    0.000000    1.000000    1.000000    1.000000
      age[0]        0.934211    0.001533    0.854293    1.002737    0.934019
      age[0]        0.909697    0.002205    0.831187    0.989924    0.909945    1.000    2
      age[0]        1.000000    0.000000    1.000000    1.000000    1.000000
      age[0]        0.986340    0.000758    0.936861    1.039584    0.984369
      age[0]        0.966439    0.000667    0.918669    1.018736    0.964510    1.001    2
      age[0]        1.000000    0.000000    1.000000    1.000000    1.000000
      age[0]        1.018031    0.001625    0.944243    1.100275    1.015562
      age[0]        0.976851    0.001519    0.898954    1.047908    0.976130    1.000    2
      age[0]        1.000000    0.000000    1.000000    1.000000    1.000000
      age[0]        1.033360    0.000400    0.993810    1.071271    1.033610
      age[0]         1.029768    0.000421    0.991459    1.071051    1.027953    1.006    2
      age[0]        1.000000    0.000000    1.000000    1.000000    1.000000
      age[0]        0.996211    0.000127    0.975998    1.018635    0.995587
      age[0]         0.985510    0.000196    0.957321    1.011981    0.984705    1.004    2
      age[0]        1.000000    0.000000    1.000000    1.000000    1.000000
      age[0]        1.013252    0.000071    0.997676    1.029703    1.012758
      age[0]         1.009919    0.000069    0.994614    1.026663    1.009340    1.002    2
      age[0]        1.000000    0.000000    1.000000    1.000000    1.000000
      age[0]        1.008878    0.000612    0.964620    1.060779    1.007350
      age[0]        1.001596    0.000591    0.957749    1.052777    0.999841    1.000    2
      age[0]        1.000000    0.000000    1.000000    1.000000    1.000000
      age[0]        0.900798    0.001537    0.825978    0.973605    0.898403
      age[0]        0.886203    0.001390    0.818832    0.961698    0.883544    1.000    2
      age[0]        1.000000    0.000000    1.000000    1.000000    1.000000
      age[0]        0.978992    0.000180    0.955024    1.004670    0.977545
      age[0]        0.966915    0.000132    0.951793    0.989097    0.964511    1.000    2
      age[0]        1.000000    0.000000    1.000000    1.000000    1.000000
      age[0]        0.996801    0.000207    0.969364    1.025532    0.996064
      age[0]         0.985609    0.000187    0.959848    1.012456    0.984736    1.000    2
      age[0]        1.000000    0.000000    1.000000    1.000000    1.000000
      age[0]        1.000285    0.000061    0.985936    1.015628    0.999758
      age[0]        1.005433    0.000427    0.979082    1.051040    0.999334    1.011    2
      age[0]        1.000000    0.000000    1.000000    1.000000    1.000000
      age[0]        1.017768    0.001340    0.951037    1.092071    1.014542
      age[0]        1.001626    0.001213    0.934630    1.069000    0.999340    1.012    2
      age[0]        1.000000    0.000000    1.000000    1.000000    1.000000
      age[0]        1.010046    0.000536    0.969851    1.056942    1.007756
      age[0]        0.995019    0.000513    0.952608    1.041253    0.992923    1.035    2
      age[0]        1.000000    0.000000    1.000000    1.000000    1.000000
      age[0]        0.984459    0.000556    0.939109    1.031857    0.982873
      age[0]        0.966910    0.000465    0.927680    1.009185    0.964825    1.013    2
      age[0]        1.000000    0.000000    1.000000    1.000000    1.000000
      age[0]        1.039358    0.001273    0.977561    1.116310    1.034637
      age[0]        1.013928    0.001029    0.953446    1.078057    1.012197    1.000    2
      age[0]        1.000000    0.000000    1.000000    1.000000    1.000000
      age[0]        0.998307    0.000590    0.951107    1.045192    0.997465
      age[0]        0.992137    0.000625    0.944512    1.040541    0.990435    1.004    2
      age[0]        1.000000    0.000000    1.000000    1.000000    1.000000
      age[0]        0.975184    0.000390    0.936617    1.013218    0.974159
      age[0]        0.952297    0.000370    0.917083    0.992666    0.950512    1.001    2
      age[0]        1.000000    0.000000    1.000000    1.000000    1.000000
      age[0]        1.014398    0.000865    0.959067    1.073869    1.011982
      age[0]        1.004329    0.001043    0.946702    1.070782    1.001406    1.007    2
      age[0]        1.000000    0.000000    1.000000    1.000000    1.000000
      age[0]        0.999403    0.000793    0.946194    1.053439    0.998215
      age[0]        0.985116    0.000723    0.934279    1.039461    0.983679    1.002    2
      age[0]        1.000000    0.000000    1.000000    1.000000    1.000000
      age[0]        0.986938    0.000313    0.952583    1.023457    0.986031
      age[0]         0.992830    0.000430    0.954233    1.034739    0.991653    1.001    2
      age[0]        1.000000    0.000000    1.000000    1.000000    1.000000
      age[0]        1.014845    0.000596    0.973454    1.069852    1.013965
      age[0]        0.996813    0.000436    0.957599    1.039973    0.995904    1.014    2
      age[0]        1.000000    0.000000    1.000000    1.000000    1.000000
      age[0]        1.016756    0.000168    0.994530    1.039141    1.017223
      age[0]        1.012003    0.000187    0.987348    1.040097    1.010922    1.007    2
      age[0]        1.000000    0.000000    1.000000    1.000000    1.000000
      age[0]        1.008538    0.000360    0.974431    1.044914    1.006390
      age[0]        0.988863    0.000206    0.970762    1.016610    0.985466    1.003    2
      age[0]        1.000000    0.000000    1.000000    1.000000    1.000000
      age[0]        0.990551    0.000221    0.962016    1.021158    0.989258
      age[0]         0.981809    0.000164    0.957032    1.007803    0.980979    1.002    2
      age[0]        1.000000    0.000000    1.000000    1.000000    1.000000
      age[0]        0.995476    0.000136    0.974108    1.019388    0.994718
      age[0]        0.989954    0.000131    0.968118    1.012386    0.989275    1.000    2
      age[0]        1.000000    0.000000    1.000000    1.000000    1.000000
      age[0]        1.014405    0.000855    0.961093    1.073845    1.011031
      age[0]        0.996330    0.000795    0.937373    1.050500    0.994446    1.000    2
      age[0]        1.000000    0.000000    1.000000    1.000000    1.000000
      age[0]        0.975958    0.001567    0.901381    1.053742    0.972298
      age[0]        0.961061    0.001898    0.886415    1.034012    0.958791    1.024    2
      age[0]        1.000000    0.000000    1.000000    1.000000    1.000000
      age[0]        0.991373    0.000023    0.982088    1.000684    0.991041
      age[0]        0.991351    0.000034    0.980937    1.002520    0.990623    1.000    2
      age[0]        1.000000    0.000000    1.000000    1.000000    1.000000
      age[0]        0.996142    0.000127    0.974589    1.019923    0.995829
      age[0]        0.991554    0.000138    0.970303    1.016355    0.990702    1.000    2
      age[0]        1.000000    0.000000    1.000000    1.000000    1.000000
      age[0]        1.011625    0.000701    0.962148    1.063339    1.009465
      age[0]         0.996688    0.000498    0.954668    1.042484    0.995296    1.034    2
      age[0]        1.000000    0.000000    1.000000    1.000000    1.000000
      age[0]        0.988108    0.000340    0.951364    1.022528    0.987712
      age[0]        0.973511    0.000365    0.936030    1.009273    0.972618    1.000    2
      age[0]        1.000000    0.000000    1.000000    1.000000    1.000000
      age[0]        0.969239    0.001456    0.900790    1.039053    0.964700
      age[0]         0.960728    0.000963    0.904207    1.024721    0.958638    1.001    2
      age[0]        1.000000    0.000000    1.000000    1.000000    1.000000
      age[0]        0.989051    0.000243    0.960525    1.020232    0.987137
      age[0]         0.985870    0.000261    0.951638    1.015636    0.985812    1.007    2
      age[0]        1.000000    0.000000    1.000000    1.000000    1.000000
      age[0]        0.992198    0.000183    0.969322    1.019351    0.989910
      age[0]        0.975999    0.000068    0.961206    0.990020    0.975046    1.002    2
      age[0]        1.000000    0.000000    1.000000    1.000000    1.000000
      age[0]        1.008269    0.000117    0.987955    1.028761    1.007663
      age[0]        1.005585    0.000120    0.984416    1.027072    1.005028    1.000    2
      age[0]        1.000000    0.000000    1.000000    1.000000    1.000000
      age[0]        0.988823    0.000169    0.964587    1.016292    0.987805
      age[0]        0.989979    0.000235    0.962567    1.023087    0.988804    1.003    2
      age[0]        1.000000    0.000000    1.000000    1.000000    1.000000
      age[0]        0.978091    0.000252    0.946019    1.006931    0.978267
      age[0]        0.971754    0.000241    0.943615    1.003924    0.970695    1.001    2
      age[0]        1.000000    0.000000    1.000000    1.000000    1.000000
      age[0]        0.996989    0.000109    0.977237    1.017395    0.996052
      age[0]        0.991370    0.000073    0.974707    1.007914    0.990853    1.000    2
      age[0]        1.000000    0.000000    1.000000    1.000000    1.000000
      age[0]        0.995735    0.000216    0.970516    1.028254    0.994180
      age[0]         0.994453    0.000149    0.970884    1.018390    0.994102    1.023    2
      age[0]        1.000000    0.000000    1.000000    1.000000    1.000000
      age[0]        0.971386    0.000112    0.952332    0.992675    0.970365
      age[0]        0.968341    0.000108    0.949544    0.989521    0.967426    1.001    2
      age[0]        1.000000    0.000000    1.000000    1.000000    1.000000
      age[0]        0.979009    0.000476    0.939553    1.021199    0.977185
      age[0]        0.946531    0.000427    0.907182    0.987026    0.945248    1.001    2
      age[0]        1.000000    0.000000    1.000000    1.000000    1.000000
      age[0]        0.998189    0.000812    0.943925    1.056227    0.996357
      age[0]        0.995094    0.000850    0.940853    1.053881    0.993236    1.003    2
      age[0]        1.000000    0.000000    1.000000    1.000000    1.000000
      age[0]        0.936079    0.000535    0.892213    0.977859    0.934377
      age[0]        0.928458    0.000606    0.885125    0.984547    0.926783    1.000    2
      age[0]        1.000000    0.000000    1.000000    1.000000    1.000000
      age[0]        1.003610    0.000204    0.976227    1.032238    1.002916
      age[0]        0.995912    0.000176    0.970326    1.022074    0.995155    1.000    2
      age[0]        1.000000    0.000000    1.000000    1.000000    1.000000
      age[0]        1.002118    0.000344    0.970430    1.036575    0.999881
      age[0]        0.980500    0.000149    0.966028    1.003207    0.977903    1.002    2
      age[0]        1.000000    0.000000    1.000000    1.000000    1.000000
      age[0]        1.019998    0.000566    0.981030    1.066998    1.016552
      age[0]        1.036662    0.000929    0.976126    1.096551    1.035694    1.001    2
      age[0]        1.000000    0.000000    1.000000    1.000000    1.000000
      age[0]        0.973786    0.000453    0.933888    1.015240    0.972480
      age[0]        0.966229    0.000456    0.925970    1.009513    0.964739    1.000    2
      age[0]        1.000000    0.000000    1.000000    1.000000    1.000000
      age[0]        0.968052    0.000321    0.935216    1.003507    0.966711
      age[0]        0.961828    0.000332    0.928881    0.998842    0.960032    1.024    2
      age[0]        1.000000    0.000000    1.000000    1.000000    1.000000
      age[0]        1.007940    0.000250    0.977341    1.040339    1.006979
      age[0]        1.005480    0.000240    0.978062    1.038518    1.004419    1.006    2
      age[0]        1.000000    0.000000    1.000000    1.000000    1.000000
      age[0]        1.021756    0.000437    0.981910    1.062967    1.020281
      age[0]        1.019936    0.000509    0.978229    1.064230    1.017976    1.000    2
      age[0]        1.000000    0.000000    1.000000    1.000000    1.000000
      age[0]        1.004191    0.000859    0.955734    1.067913    0.999700
      age[0]         0.984215    0.000902    0.931500    1.038775    0.982640    1.000    2
      age[0]        1.000000    0.000000    1.000000    1.000000    1.000000
      age[0]        1.008140    0.000193    0.981642    1.034989    1.007626
      age[0]        1.003306    0.000174    0.979225    1.030378    1.002519    1.003    2
      age[0]        1.000000    0.000000    1.000000    1.000000    1.000000
      age[0]        1.007852    0.000469    0.962494    1.049807    1.007527
      age[0]         1.007806    0.000535    0.967025    1.057174    1.005307    1.011    2
      age[0]        1.000000    0.000000    1.000000    1.000000    1.000000
      age[0]        0.995744    0.000210    0.973382    1.027376    0.994121
      age[0]         0.991057    0.000341    0.953745    1.027325    0.989984    1.006    2
      age[0]        1.000000    0.000000    1.000000    1.000000    1.000000
      age[0]        1.001542    0.000522    0.961282    1.048749    1.000261
      age[0]        0.993982    0.000426    0.954838    1.034080    0.992748    1.011    2
      age[0]        1.000000    0.000000    1.000000    1.000000    1.000000
      age[0]        1.063261    0.001211    1.001408    1.130045    1.062436
      age[0]        1.042809    0.001548    0.967796    1.120168    1.040937    1.001    2
      age[0]        1.000000    0.000000    1.000000    1.000000    1.000000
      age[0]        1.032270    0.000342    0.998072    1.068734    1.030704
      age[0]        1.038824    0.000790    0.991619    1.096877    1.034047    1.000    2
      age[0]        1.000000    0.000000    1.000000    1.000000    1.000000
      age[0]        0.985826    0.000490    0.944129    1.028361    0.984461
      age[0]        0.972816    0.000445    0.932511    1.014595    0.972082    1.004    2
      age[0]        1.000000    0.000000    1.000000    1.000000    1.000000
      age[0]        1.001507    0.000225    0.973988    1.034485    1.000603
      age[0]        0.992934    0.000209    0.965283    1.020525    0.992006    1.000    2
      age[0]        1.000000    0.000000    1.000000    1.000000    1.000000
      age[0]        0.995444    0.000339    0.962463    1.038033    0.993288
      age[0]         0.991401    0.000287    0.960099    1.022192    0.990281    1.029    2
      age[0]        1.000000    0.000000    1.000000    1.000000    1.000000
      age[0]        1.011686    0.000303    0.977386    1.044704    1.010964
      age[0]        1.005147    0.000276    0.974425    1.039400    1.004166    1.000    2
      age[0]        1.000000    0.000000    1.000000    1.000000    1.000000
      age[0]        1.004952    0.000301    0.972216    1.039452    1.004915
      age[0]        0.996136    0.000410    0.957238    1.036669    0.995232    1.006    2
      age[0]        1.000000    0.000000    1.000000    1.000000    1.000000
      age[0]        0.978008    0.000527    0.937739    1.023154    0.976036
      age[0]        0.972988    0.000687    0.924902    1.027293    0.970690    1.000    2
      age[0]        1.000000    0.000000    1.000000    1.000000    1.000000
      age[0]        0.991610    0.000192    0.963369    1.016906    0.992252
      age[0]        0.991029    0.000175    0.966859    1.018185    0.990241    1.000    2
      age[0]        1.000000    0.000000    1.000000    1.000000    1.000000
      age[0]        0.953786    0.001973    0.873280    1.043932    0.949718
      age[0]        0.915844    0.001875    0.837172    1.002740    0.911407    1.000    2
      age[0]        1.000000    0.000000    1.000000    1.000000    1.000000
      age[0]        0.982761    0.000394    0.944872    1.023247    0.982538
      age[0]         0.984876    0.000300    0.954217    1.022776    0.983016    1.008    2
      age[0]        1.000000    0.000000    1.000000    1.000000    1.000000
      age[0]        0.994664    0.000312    0.961088    1.028704    0.993040
      age[0]        0.981057    0.000253    0.951892    1.013399    0.980027    1.000    2
      age[0]        1.000000    0.000000    1.000000    1.000000    1.000000
      age[0]        0.966774    0.000080    0.950699    0.983441    0.966432
      age[0]        0.971006    0.000110    0.951645    0.992044    0.970387    1.002    2
      age[0]        1.000000    0.000000    1.000000    1.000000    1.000000
      age[0]        0.959393    0.000201    0.932607    0.988624    0.958343
      age[0]        0.952870    0.000209    0.926253    0.982037    0.951865    1.000    2
      age[0]        1.000000    0.000000    1.000000    1.000000    1.000000
      age[0]        0.923221    0.000410    0.882805    0.958714    0.924075
      age[0]        0.917080    0.000504    0.875342    0.962510    0.916657    1.066    2
      age[0]        1.000000    0.000000    1.000000    1.000000    1.000000
      age[0]        1.030247    0.000602    0.982472    1.081057    1.029383
      age[0]         1.010175    0.000604    0.964352    1.060997    1.008128    1.010    2
      age[0]        1.000000    0.000000    1.000000    1.000000    1.000000
      age[0]        1.008430    0.000396    0.969366    1.046607    1.007128
      age[0]        1.000977    0.000366    0.964156    1.037708    1.000377    1.000    2
      age[0]        1.000000    0.000000    1.000000    1.000000    1.000000
      age[0]        1.036451    0.002120    0.947234    1.123541    1.038075
      age[0]        1.018401    0.001777    0.941477    1.099939    1.017009    1.002    2
      age[0]        1.000000    0.000000    1.000000    1.000000    1.000000
      age[0]        1.003546    0.000706    0.952932    1.055431    1.001694
      age[0]        0.987530    0.000577    0.941960    1.035313    0.986057    1.000    2
      age[0]        1.000000    0.000000    1.000000    1.000000    1.000000
      age[0]        0.998814    0.000299    0.964750    1.030956    0.997662
      age[0]        0.993077    0.000269    0.964025    1.027797    0.992886    1.022    2
      age[0]        1.000000    0.000000    1.000000    1.000000    1.000000
      age[0]        0.992445    0.001834    0.901938    1.072624    0.992312
      age[0]        0.960790    0.002021    0.872611    1.046470    0.958175    1.000    2
      age[0]        1.000000    0.000000    1.000000    1.000000    1.000000
      age[0]        0.956347    0.000208    0.929238    0.984284    0.955675
      age[0]        0.965528    0.000585    0.917816    1.009643    0.962663    1.010    2
      age[0]        1.000000    0.000000    1.000000    1.000000    1.000000
      age[0]        1.019834    0.000473    0.980033    1.062955    1.019895
      age[0]        1.010884    0.000479    0.972742    1.053657    1.008255    1.005    2
      age[0]        1.000000    0.000000    1.000000    1.000000    1.000000
      age[0]        1.016613    0.000981    0.954698    1.075447    1.014427
      age[0]        1.000516    0.000860    0.943683    1.059277    0.998861    1.000    2
      age[0]        1.000000    0.000000    1.000000    1.000000    1.000000
      age[0]        0.996956    0.000240    0.969346    1.028822    0.995756
      age[0]         0.961523    0.000153    0.939149    0.986789    0.959892    1.005    2
      age[0]        1.000000    0.000000    1.000000    1.000000    1.000000
      age[0]        1.005229    0.000342    0.969604    1.039501    1.003988
      age[0]        0.987446    0.000326    0.954736    1.024519    0.985425    1.000    2
      age[0]        1.000000    0.000000    1.000000    1.000000    1.000000
      age[0]        0.993380    0.000125    0.975844    1.013706    0.990742
      age[0]         0.989219    0.000223    0.957383    1.015432    0.988893    1.095    2
      age[0]        1.000000    0.000000    1.000000    1.000000    1.000000
      age[0]        0.976950    0.000489    0.934328    1.019807    0.975667
      age[0]        0.938430    0.000285    0.906141    0.972215    0.937338    1.000    2
      age[0]        1.000000    0.000000    1.000000    1.000000    1.000000
      age[0]        1.023467    0.000595    0.978153    1.071323    1.024405
      age[0]         1.006079    0.000425    0.962520    1.044325    1.005762    1.000    2
      age[0]        1.000000    0.000000    1.000000    1.000000    1.000000
      age[0]        1.000713    0.000108    0.981118    1.021375    1.000198
      age[0]         1.009897    0.000276    0.981579    1.043755    1.007759    1.003    2
      age[0]        1.000000    0.000000    1.000000    1.000000    1.000000
      age[0]        0.994146    0.000078    0.976836    1.009712    0.993565
      age[0]        0.988303    0.000088    0.970230    1.006642    0.987759    1.000    2
      age[0]        1.000000    0.000000    1.000000    1.000000    1.000000
      age[0]        0.991280    0.000037    0.979555    1.002962    0.990821
      age[0]        0.999154    0.000186    0.978748    1.027407    0.995782    1.000    2
      age[0]        1.000000    0.000000    1.000000    1.000000    1.000000
      age[0]        0.984420    0.000787    0.929113    1.033407    0.985475
      age[0]        0.975790    0.000704    0.924303    1.028723    0.975333    1.006    2
      age[0]        1.000000    0.000000    1.000000    1.000000    1.000000
      age[0]        0.996427    0.001335    0.927733    1.068692    0.994864
      age[0]        0.990672    0.001613    0.919873    1.070761    0.985311    1.001    2
