      TL          8.349769    0.024546    8.046332    8.660876    8.347379   3079.22   3344.87    1.000
      TL          8.073156    0.027058    7.755965    8.399176    8.069237   3682.59   3913.84    1.000
      TL          8.243372    0.020414    7.965820    8.524548    8.241165   5466.75   5522.03    1.000
      TL          8.025982    0.022036    7.736972    8.316076    8.023089   3792.99   3953.40    1.000
      TL          8.677658    0.023243    8.387518    8.983357    8.674839   5233.13   5273.38    1.000
      TL          5.197707    0.016937    4.944581    5.453671    5.195222   7936.43   8096.90    1.000
      TL          7.461080    0.019669    7.191742    7.739795    7.459313   4610.71   4888.47    1.000
      TL          5.091524    0.017951    4.827640    5.351800    5.089206   6581.41   6585.41    1.000
      TL          6.644746    0.020503    6.364424    6.927412    6.642747   5511.46   5708.92    1.000
      TL          9.106753    0.026196    8.799338    9.433769    9.104221   4974.40   5212.13    1.000
      TL          7.312850    0.019544    7.040665    7.586775    7.311971   3915.96   4166.67    1.000
      TL          3.663708    0.017544    3.409096    3.929500    3.659131   5871.22   5920.34    1.000
      TL          5.757064    0.021778    5.478943    6.059549    5.753995   5263.27   5873.58    1.000
      TL          3.716469    0.012972    3.488982    3.935844    3.713721   7281.22   7303.35    1.000
      TL          9.621455    0.029341    9.292895    9.965300    9.618046   3876.55   4310.35    1.000
      TL          9.095007    0.024541    8.785423    9.397773    9.090982   4111.32   4495.56    1.000
      TL          8.191215    0.024931    7.890196    8.506968    8.188632   3590.53   3688.46    1.000
      TL          4.981070    0.017400    4.725693    5.242270    4.978181   8604.24   8723.18    1.000
      TL          2.868147    0.016611    2.623262    3.125090    2.862079   8674.65   9085.03    1.000
      TL          4.180690    0.017043    3.927676    4.438934    4.176830   6118.86   6330.98    1.000
      TL          8.313549    0.020543    8.036412    8.596766    8.310921   4365.19   4441.38    1.000
      TL          5.415758    0.017552    5.165069    5.687125    5.413244   6328.02   6555.89    1.000
      TL          7.171079    0.025404    6.864730    7.485818    7.168299   4388.86   4816.06    1.000
      TL          5.376120    0.015386    5.135837    5.623071    5.373996   7214.36   7577.34    1.000
      TL          7.145399    0.018296    6.877712    7.407976    7.142555   4166.71   4234.59    1.000
      TL          6.881848    0.025332    6.572563    7.196517    6.878563   4686.09   4988.12    1.000
      TL          8.265469    0.026040    7.950982    8.581550    8.263637   6216.71   6319.79    1.000
      TL          7.123619    0.020928    6.852289    7.418308    7.120319   4593.48   4764.41    1.000
      TL          6.485757    0.020907    6.204740    6.765894    6.482878   6523.36   7117.02    1.000
      TL          6.447059    0.014941    6.208902    6.689415    6.446424   4594.34   4870.67    1.000
      TL          7.579957    0.023281    7.281680    7.879614    7.577369   4080.73   4368.32    1.000
      TL          7.865679    0.022140    7.575399    8.157589    7.862857   5725.18   5727.51    1.000
      TL          6.649499    0.017957    6.380379    6.908156    6.647790   4261.97   4430.04    1.000
      TL          4.056331    0.013877    3.823481    4.287418    4.053905   7038.94   7497.82    1.000
      TL          7.449622    0.017325    7.191875    7.706422    7.447455   3661.03   3688.79    1.001
      TL          3.972655    0.013237    3.755293    4.208171    3.969611   5876.52   5936.13    1.000
      TL          4.659538    0.012710    4.438171    4.879551    4.657039   4086.67   4169.70    1.000
      TL          3.606392    0.010465    3.412521    3.812649    3.603157   3737.42   4244.04    1.001
      TL          4.578964    0.014756    4.341438    4.818814    4.576981   8076.04   8142.15    1.000
      TL          5.361835    0.015843    5.116024    5.610485    5.360136   5226.18   5623.67    1.000
      TL          8.749790    0.024779    8.438886    9.054006    8.747388   2809.57   3199.09    1.000
      TL          5.583469    0.016089    5.336174    5.829283    5.580598   4351.26   5079.44    1.000
      TL          8.670761    0.026549    8.351944    8.988867    8.668475   3413.95   3490.36    1.000
      TL          9.276904    0.025247    8.967264    9.595176    9.274337   4327.00   4387.39    1.000
      TL          7.955205    0.022295    7.672295    8.253553    7.952120   5857.81   6353.29    1.000
      TL          5.529498    0.015483    5.283259    5.773494    5.526146   6806.76   6847.18    1.000
      TL          6.310447    0.014237    6.083545    6.550461    6.307804   4739.55   4765.90    1.000
      TL          4.901111    0.016497    4.655459    5.159209    4.899439   4747.31   5139.09    1.000
      TL          7.135814    0.021326    6.857656    7.427633    7.132399   5195.97   5371.22    1.000
      TL          7.083536    0.017924    6.827110    7.349783    7.080863   3859.48   3863.66    1.000
      TL          4.964148    0.016661    4.714689    5.217224    4.961359   5856.70   6342.21    1.000
      TL          4.888736    0.018363    4.626438    5.155748    4.885450   6283.60   6639.59    1.000
      TL          4.255492    0.014361    4.019696    4.488138    4.253165   7624.36   8049.53    1.000
      TL          6.578939    0.021183    6.296468    6.867147    6.576394   4372.81   4758.10    1.000
      TL          6.568450    0.018017    6.312872    6.836323    6.564801   6538.23   6655.67    1.000
      TL          6.191902    0.016782    5.946184    6.452816    6.189108   4350.39   4716.51    1.000
      TL          9.490030    0.027931    9.168436    9.820161    9.487365   4109.78   4402.45    1.000
      TL          4.998410    0.014871    4.761110    5.236430    4.996421   8971.95   9019.77    1.000
      TL          5.151718    0.017404    4.893361    5.411053    5.148393   6597.17   6814.61    1.000
      TL          6.872805    0.020351    6.606109    7.164483    6.870593   3738.31   3984.81    1.000
      TL          3.261468    0.012068    3.054838    3.486344    3.257934   5978.74   6131.52    1.000
      TL          7.433040    0.020394    7.142509    7.702705    7.431100   3661.21   3949.32    1.000
      TL          5.022539    0.013515    4.800519    5.257261    5.020090   6967.36   7159.43    1.000
      TL          9.246600    0.026648    8.929538    9.568802    9.245945   4304.90   4481.65    1.000
      TL          8.625139    0.023918    8.330031    8.936039    8.623640   4413.29   4639.57    1.000
      TL          8.900905    0.028420    8.570899    9.232946    8.896610   4556.01   5198.15    1.000
      TL          4.289011    0.014122    4.067737    4.535012    4.286623   9295.27   9451.68    1.000
      TL          5.349780    0.019409    5.074102    5.617564    5.345558   6288.68   6502.48    1.000
      TL          6.692892    0.022784    6.397714    6.988912    6.691155   7944.68   7947.85    1.000
      TL          6.476156    0.020187    6.206339    6.764052    6.473591   6500.55   6630.76    1.000
      TL          6.943495    0.016899    6.687635    7.194838    6.941624   4488.53   4701.77    1.000
      TL          6.786827    0.021822    6.500354    7.077112    6.784219   6940.33   7111.98    1.000
      TL          8.395286    0.022629    8.105162    8.694970    8.392722   5325.99   5636.37    1.000
      TL          5.685048    0.019708    5.413720    5.962325    5.681498   5621.85   5794.37    1.000
      TL          5.226605    0.015001    4.982090    5.462147    5.225136   7762.24   7867.58    1.000
      TL          2.745613    0.014142    2.509015    2.975922    2.740357  11641.16  11858.37    1.000
      TL          8.235467    0.023347    7.937862    8.537122    8.233383   4013.47   4225.86    1.000
      TL          3.689657    0.010852    3.487396    3.894651    3.687800  10173.15  10375.52    1.000
      TL          7.775051    0.021287    7.487597    8.054498    7.772321   4802.61   4918.88    1.000
      TL          5.120269    0.017204    4.862457    5.375003    5.118396   9038.06   9166.70    1.000
      TL          7.698863    0.022850    7.402884    7.993431    7.696953   4808.43   4913.96    1.000
      TL          9.272703    0.025539    8.967476    9.593283    9.270894   4986.38   5234.91    1.000
      TL          7.241624    0.019468    6.968488    7.514120    7.238770   3860.90   3909.90    1.000
      TL          7.064755    0.021859    6.778707    7.355934    7.061656   4490.37   4569.86    1.000
      TL          5.347244    0.019696    5.071205    5.618704    5.344493   8096.88   8756.94    1.000
      TL          7.609808    0.021015    7.334191    7.899892    7.606523   5681.45   5889.31    1.000
      TL          6.210428    0.020048    5.941991    6.492705    6.207675   4723.50   4835.72    1.000
      TL          5.139701    0.018155    4.876276    5.403437    5.137395   7323.96   7541.13    1.000
      TL          5.162818    0.015362    4.921712    5.403990    5.160221   5811.45   6028.18    1.000
      TL          6.262278    0.020378    5.986605    6.544662    6.259536   6453.45   7060.42    1.000
      TL          8.593684    0.025130    8.286239    8.906665    8.590435   4122.75   4427.22    1.000
      TL          8.041027    0.023807    7.739345    8.341543    8.038313   6419.91   6679.55    1.000
      TL         10.347322    0.035891    9.976829   10.718670   10.345550   4475.16   4739.06    1.000
      TL          4.657021    0.019817    4.385560    4.936270    4.653197   7186.01   7499.17    1.000
      TL          8.314376    0.022605    8.016032    8.606567    8.312415   5943.98   5951.87    1.000
      TL          9.627590    0.027530    9.296453    9.945460    9.624897   4180.98   4463.09    1.000
      TL          4.465468    0.010626    4.265436    4.668757    4.463459   4905.73   4933.40    1.000
      TL          5.375563    0.014218    5.146150    5.612622    5.372742   6549.61   6637.21    1.000
      TL          8.282727    0.027695    7.960856    8.612179    8.279691   3796.18   3983.45    1.001
      TL          6.600345    0.021816    6.322091    6.897979    6.597965   3812.50   4302.71    1.000
