      clockrate                1.009846    0.002113    0.921773    1.101211    1.008696    214.59    235.52    1.004
      clockrate                0.992501    0.001689    0.914133    1.073245    0.991994    882.97    996.47    1.000
      clockrate                0.981193    0.001415    0.909779    1.057128    0.980214    316.72    426.20    1.004
      clockrate                1.080343    0.002120    0.994394    1.172945    1.079370    358.68    360.65    1.000
      clockrate                1.046811    0.002032    0.960855    1.136998    1.045650    244.31    394.46    1.000
      clockrate                1.078331    0.004210    0.949695    1.203695    1.076826   1447.93   1458.68    1.000
      clockrate                1.035128    0.001570    0.958773    1.113629    1.034401    957.80   1178.34    1.000
      clockrate                1.149172    0.007887    0.969890    1.319347    1.146584    355.87    361.34    1.003
      clockrate                1.001924    0.003228    0.892134    1.115645    1.000855    429.94    494.04    1.000
      clockrate                1.049554    0.002293    0.956152    1.142710    1.048642    638.63    726.06    1.000
      clockrate                1.007821    0.001638    0.930709    1.089057    1.007210    405.04    427.32    1.000
      clockrate                0.996782    0.005198    0.859166    1.140239    0.995194    375.28    426.75    1.000
      clockrate                1.076341    0.004999    0.936991    1.216249    1.077756    557.83    613.01    1.001
      clockrate                1.102449    0.008256    0.935056    1.288098    1.097717    600.93    615.58    1.001
      clockrate                0.989259    0.001569    0.911904    1.066471    0.988847    443.59    548.52    1.002
      clockrate                1.100491    0.001436    1.028894    1.176360    1.099920    360.76    390.78    1.004
      clockrate                1.021639    0.001331    0.949022    1.092635    1.021453   1001.94   1043.78    1.001
      clockrate                1.143306    0.006355    0.986698    1.294755    1.142751    881.19    896.52    1.001
      clockrate                1.053259    0.011110    0.873746    1.273866    1.040557   1161.49   1376.69    1.000
      clockrate                1.088822    0.002590    0.990034    1.188744    1.088782   2445.81   2492.38    1.000
      clockrate                1.003062    0.001831    0.917715    1.085929    1.002595    733.58    776.22    1.000
      clockrate                1.090593    0.002926    0.987075    1.199357    1.089441    507.70    737.04    1.000
      clockrate                1.146557    0.006102    0.990629    1.295057    1.144437    454.32    459.59    1.002
      clockrate                1.032426    0.002754    0.930200    1.136219    1.031992    366.27    414.87    1.000
      clockrate                1.045756    0.001725    0.965896    1.129237    1.045638    837.66    884.98    1.001
      clockrate                0.990813    0.003585    0.873693    1.108699    0.988312    627.57    691.01    1.000
      clockrate                1.069395    0.004238    0.944117    1.199560    1.069290    451.28    486.42    1.000
      clockrate                1.092829    0.002523    0.993950    1.191734    1.092988    926.85    927.35    1.000
      clockrate                1.040470    0.004476    0.909417    1.171691    1.039578    238.06    312.01    1.000
      clockrate                1.070744    0.001809    0.988082    1.156334    1.069989    761.71    850.40    1.000
      clockrate                1.084363    0.002798    0.982034    1.188330    1.082639    138.66    211.65    1.003
      clockrate                1.061939    0.002375    0.968455    1.158379    1.061194    639.91    663.01    1.000
      clockrate                0.969540    0.001087    0.904898    1.033740    0.969038    531.67    680.46    1.000
      clockrate                1.138833    0.003662    1.018624    1.255951    1.137986   1609.52   1697.16    1.000
      clockrate                1.037817    0.001285    0.967551    1.107681    1.037437   1116.30   1238.20    1.000
      clockrate                1.016768    0.002294    0.922332    1.109750    1.016555   1615.47   1775.56    1.000
      clockrate                0.995611    0.003514    0.882750    1.115742    0.995023    661.70    678.95    1.000
      clockrate                1.076020    0.002639    0.976624    1.179651    1.075554    280.52    429.86    1.005
      clockrate                1.032588    0.004348    0.907571    1.165109    1.029488   1006.43   1043.26    1.000
      clockrate                1.118210    0.002560    1.018180    1.216873    1.118255   1042.71   1072.18    1.001
      clockrate                1.060288    0.001744    0.978845    1.142625    1.060516    661.70    705.63    1.000
      clockrate                1.082396    0.002877    0.978690    1.190121    1.081639    319.66    458.26    1.000
      clockrate                1.082164    0.001441    1.007434    1.156504    1.081822    426.82    620.17    1.000
      clockrate                1.127823    0.002239    1.031967    1.217646    1.127065    580.56    597.45    1.002
      clockrate                1.040647    0.002597    0.941419    1.140576    1.041086    329.82    384.76    1.003
      clockrate                1.030621    0.002805    0.928000    1.135181    1.029463    693.94    740.19    1.000
      clockrate                1.013189    0.002393    0.915334    1.106429    1.012555    433.86    470.74    1.003
      clockrate                1.023927    0.005445    0.875036    1.163390    1.023533    295.74    330.64    1.002
      clockrate                1.057340    0.001424    0.982038    1.130073    1.057475   1342.63   1421.04    1.000
      clockrate                0.995150    0.002026    0.909186    1.085645    0.993137    266.07    296.63    1.000
      clockrate                1.114095    0.002398    1.019730    1.211496    1.113765   1608.20   1751.44    1.000
      clockrate                0.998138    0.004155    0.871959    1.124048    0.998061    379.74    400.33    1.003
      clockrate                1.060511    0.003687    0.941384    1.178903    1.059136   1067.80   1243.66    1.000
      clockrate                1.195082    0.002575    1.100154    1.299142    1.193852    717.42    774.35    1.000
      clockrate                1.103302    0.002514    1.006330    1.201416    1.102204   1028.72   1099.08    1.000
      clockrate                1.055350    0.002333    0.960381    1.150309    1.053943    581.22    584.03    1.000
      clockrate                1.029397    0.001387    0.956727    1.101587    1.028571   1159.38   1191.27    1.000
      clockrate                1.030464    0.002223    0.937591    1.121769    1.029719   1383.88   1493.92    1.000
      clockrate                1.087954    0.004408    0.954253    1.213717    1.087745    796.34    875.21    1.000
      clockrate                1.058622    0.002469    0.962788    1.156811    1.057226    420.69    452.23    1.000
      clockrate                1.099412    0.005718    0.950611    1.250611    1.098705    511.59    729.13    1.000
      clockrate                1.092062    0.002460    0.996870    1.189144    1.092201    310.17    416.86    1.000
      clockrate                1.074437    0.003185    0.964660    1.186487    1.071906    970.25   1008.79    1.000
      clockrate                1.015679    0.001487    0.939636    1.089022    1.015353    887.99    933.98    1.000
      clockrate                1.123284    0.001958    1.036108    1.210427    1.122852   1126.93   1199.91    1.000
      clockrate                0.974670    0.001920    0.888394    1.059784    0.973932    225.13    294.24    1.000
      clockrate                1.115689    0.007190    0.954430    1.283176    1.115177    458.57    482.47    1.001
      clockrate                1.087209    0.004531    0.956800    1.221099    1.086055    905.00    921.09    1.000
      clockrate                1.056834    0.004564    0.924771    1.189695    1.053588    515.06    568.49    1.001
      clockrate                1.108225    0.003725    0.991391    1.230547    1.107432    609.21    639.93    1.000
      clockrate                1.052457    0.001510    0.976957    1.129824    1.052323    597.15    763.35    1.001
      clockrate                1.050826    0.003676    0.931494    1.168568    1.050520    527.70    628.97    1.003
      clockrate                1.020744    0.002451    0.926999    1.120140    1.019408    665.31    774.50    1.000
      clockrate                1.086087    0.003738    0.967421    1.206947    1.084505    566.40    604.32    1.000
      clockrate                1.041179    0.002357    0.945740    1.137145    1.040514    572.83    735.24    1.001
      clockrate                1.133607    0.012088    0.925912    1.359473    1.134072    953.24   1101.96    1.000
      clockrate                1.036004    0.002502    0.937392    1.133700    1.035546    133.29    147.78    1.004
      clockrate                0.963389    0.003972    0.840758    1.086518    0.963308   1377.80   1465.53    1.001
      clockrate                1.044811    0.001633    0.965588    1.123561    1.044069    861.72    898.20    1.001
      clockrate                1.182151    0.006092    1.027765    1.333808    1.180922    486.16    503.31    1.002
      clockrate                1.085959    0.002844    0.982504    1.189510    1.084991    171.47    180.70    1.010
      clockrate                0.976519    0.001488    0.902212    1.052940    0.975888    461.03    594.92    1.001
      clockrate                1.023274    0.001861    0.937500    1.107212    1.023381    657.22    732.44    1.000
      clockrate                1.156949    0.004359    1.027259    1.283823    1.159881    287.12    334.27    1.001
      clockrate                1.076882    0.004744    0.943895    1.212433    1.076717    898.36    977.13    1.001
      clockrate                1.066576    0.001757    0.982750    1.146091    1.066125    518.09    563.81    1.001
      clockrate                1.050639    0.003278    0.938624    1.161981    1.049809    355.57    364.73    1.001
      clockrate                1.083774    0.006832    0.924510    1.243986    1.080154    273.66    331.73    1.000
      clockrate                1.061550    0.003320    0.947146    1.174256    1.061863    518.53    518.83    1.000
      clockrate                1.112924    0.003084    1.005542    1.223983    1.112192    961.58   1163.40    1.001
      clockrate                1.079763    0.001885    0.993985    1.165248    1.078995    726.81    899.96    1.000
      clockrate                1.025583    0.002416    0.927462    1.119476    1.025574    773.88    804.37    1.000
      clockrate                1.006502    0.001826    0.922168    1.089784    1.005979     49.51     79.48    1.000
      clockrate                1.114034    0.005626    0.969861    1.263579    1.112815    765.90    852.46    1.000
      clockrate                0.998973    0.001859    0.917935    1.087157    0.998316    378.74    389.29    1.000
      clockrate                1.038444    0.001774    0.955929    1.120496    1.037718    872.16    889.55    1.002
      clockrate                1.036510    0.002108    0.945440    1.125701    1.035553    390.67    450.85    1.000
      clockrate                1.026505    0.005963    0.877633    1.179791    1.025538    423.38    442.64    1.001
      clockrate                1.114546    0.002128    1.025237    1.203884    1.114244    283.50    354.22    1.000
      clockrate                1.077377    0.003337    0.970103    1.192858    1.074185    437.83    480.23    1.000
