      age[0]         0.978164    0.001366    0.907391    1.049437    0.975233    1.010    2
      age[0]         1.006189    0.000303    0.975432    1.040230    1.004176    1.000    2
      age[0]         1.015336    0.000482    0.975491    1.062051    1.013243    1.002    2
      age[0]         1.004414    0.000484    0.961367    1.044689    1.003059    1.001    2
      age[0]         1.015103    0.000505    0.974888    1.062153    1.013378    1.000    2
      age[0]        0.987271    0.000471    0.945918    1.029682    0.986045    1.000    2
      age[0]        0.987167    0.000132    0.965622    1.009795    0.986347    1.001    2
      age[0]        0.847469    0.001975    0.760293    0.931855    0.845008    1.007    2
      age[0]        1.010878    0.000736    0.964652    1.066506    1.006559    1.001    2
      age[0]         0.986016    0.000771    0.936565    1.042143    0.982667    1.000    2
      age[0]        0.961422    0.000737    0.910781    1.015374    0.960808    1.002    2
      age[0]        1.018127    0.004228    0.894937    1.148668    1.013892    1.001    2
      age[0]        0.969243    0.001561    0.896270    1.048768    0.965835    1.000    2
      age[0]        0.999028    0.002905    0.891815    1.101333    0.997211    1.000    2
      age[0]         0.997495    0.000442    0.958489    1.038559    0.996419    1.004    2
      age[0]         0.972435    0.000283    0.940728    1.006454    0.970997    1.020    2
      age[0]         0.994927    0.000266    0.971509    1.026027    0.991385    1.004    2
      age[0]        0.975496    0.000787    0.922124    1.030532    0.973160    1.001    2
      age[0]        1.016809    0.005597    0.875291    1.163317    1.012722    1.000    2
      age[0]        0.979826    0.000411    0.951795    1.017379    0.976372    1.001    2
      age[0]         0.999923    0.000566    0.956560    1.048787    0.997949    1.000    2
      age[0]        1.002546    0.000216    0.979082    1.029617    1.000379    1.000    2
      age[0]        0.943253    0.001369    0.874769    1.018563    0.940599    1.002    2
      age[0]        0.960118    0.000723    0.909242    1.011762    0.957589    1.005    2
      age[0]         0.979325    0.000878    0.923641    1.036819    0.977177    1.005    2
      age[0]        0.996579    0.001884    0.912897    1.081872    0.994044    1.001    2
      age[0]        0.959436    0.000875    0.904036    1.017774    0.957200    1.002    2
      age[0]        0.952434    0.000734    0.900575    1.005595    0.950330    1.004    2
      age[0]        0.958982    0.001750    0.882041    1.045361    0.955973    1.004    2
      age[0]         0.932664    0.000751    0.882391    0.988482    0.930701    1.000    2
      age[0]         0.953830    0.000529    0.912185    1.000073    0.951517    1.006    2
      age[0]         0.974389    0.000688    0.924125    1.026247    0.972666    1.000    2
      age[0]        1.000588    0.000204    0.974259    1.031127    1.000048    1.001    2
      age[0]        0.994848    0.000397    0.970766    1.034231    0.989953    1.001    2
      age[0]         0.963883    0.000222    0.936884    0.994937    0.962867    1.000    2
      age[0]        0.971638    0.000217    0.945218    1.001310    0.970117    1.000    2
      age[0]        1.006986    0.001259    0.939559    1.076555    1.004245    1.001    2
      age[0]        0.908378    0.000946    0.877846    0.974546    0.893596    1.015    2
      age[0]        1.008775    0.000525    0.975552    1.055638    1.003313    1.000    2
      age[0]        0.985067    0.000231    0.956053    1.014580    0.983999    1.001    2
      age[0]         0.940238    0.000585    0.894175    0.987253    0.938526    1.001    2
      age[0]        0.978275    0.000956    0.922484    1.039460    0.975338    1.000    2
      age[0]         0.926077    0.001062    0.868835    0.996057    0.924010    1.005    2
      age[0]         0.960896    0.000332    0.925964    0.996338    0.959769    1.003    2
      age[0]        0.978440    0.000420    0.949493    1.025351    0.972933    1.006    2
      age[0]        0.996322    0.000312    0.964102    1.031497    0.994865    1.001    2
      age[0]         0.998735    0.000590    0.954739    1.046864    0.996670    1.000    2
      age[0]        1.004086    0.001102    0.945282    1.069451    1.000042    1.001    2
      age[0]        0.998648    0.000236    0.969795    1.029074    0.997090    1.001    2
      age[0]         1.015078    0.000564    0.971892    1.062666    1.013327    1.001    2
      age[0]        0.963317    0.000192    0.937274    0.990714    0.962099    1.001    2
      age[0]        1.007332    0.001653    0.934848    1.089828    1.002751    1.010    2
      age[0]        0.965367    0.001546    0.893772    1.045937    0.960817    1.000    2
      age[0]        0.896597    0.000688    0.848301    0.949867    0.894489    1.003    2
      age[0]        0.969073    0.000294    0.937623    1.003930    0.967666    1.000    2
      age[0]        0.996419    0.000650    0.966029    1.049279    0.988998    1.003    2
      age[0]         0.987914    0.000226    0.959600    1.017553    0.986819    1.000    2
      age[0]        0.988278    0.000960    0.931192    1.050320    0.986084    1.000    2
      age[0]        0.979490    0.000734    0.929229    1.033702    0.977121    1.000    2
      age[0]        0.984385    0.000393    0.946729    1.023460    0.983432    1.005    2
      age[0]        1.008011    0.000782    0.958100    1.060488    1.004255    1.000    2
      age[0]         0.949595    0.000821    0.900399    1.008175    0.944483    1.001    2
      age[0]        0.997687    0.000265    0.966644    1.030197    0.996478    1.000    2
      age[0]         0.961852    0.000375    0.926360    1.001125    0.959814    1.000    2
      age[0]         0.949527    0.000339    0.916133    0.986922    0.947865    1.005    2
      age[0]         0.985437    0.000615    0.938893    1.036526    0.983535    1.003    2
      age[0]        0.947040    0.002000    0.866420    1.039213    0.942988    1.004    2
      age[0]        0.959498    0.000327    0.926591    0.995876    0.957805    1.000    2
      age[0]        1.016156    0.001567    0.944669    1.098005    1.012749    1.000    2
      age[0]        1.018513    0.000737    0.967040    1.071068    1.015503    1.000    2
      age[0]        0.974420    0.000383    0.938518    1.013869    0.973096    1.008    2
      age[0]        0.985531    0.000611    0.940525    1.035829    0.983222    1.000    2
      age[0]        0.967047    0.000499    0.925723    1.011729    0.964845    1.000    2
      age[0]        0.950785    0.001234    0.886000    1.022050    0.947846    1.000    2
      age[0]        0.987743    0.000358    0.952528    1.026713    0.986579    1.002    2
      age[0]        0.932137    0.003761    0.822335    1.052280    0.925372    1.000    2
      age[0]         1.008726    0.000963    0.946788    1.069871    1.008250    1.011    2
      age[0]        0.983949    0.000619    0.938930    1.034760    0.981413    1.002    2
      age[0]         0.980205    0.000257    0.950278    1.012612    0.978805    1.003    2
      age[0]        0.956379    0.000509    0.915282    1.002655    0.954318    1.000    2
      age[0]        0.951940    0.001221    0.882907    1.015498    0.950674    1.021    2
      age[0]         0.975912    0.000894    0.918753    1.035771    0.974979    1.014    2
      age[0]        0.989187    0.000719    0.939210    1.043524    0.987435    1.001    2
      age[0]        0.872642    0.001362    0.807508    0.950543    0.868684    1.000    2
      age[0]        0.990255    0.001093    0.928475    1.056160    0.987626    1.003    2
      age[0]        0.963423    0.000433    0.924285    1.005004    0.961900    1.004    2
      age[0]        0.920311    0.002355    0.830956    1.018765    0.917502    1.003    2
      age[0]        0.953762    0.000684    0.907223    1.001644    0.952379    1.001    2
      age[0]        1.000280    0.000756    0.946459    1.052359    0.998588    1.000    2
      age[0]        0.979469    0.001248    0.913725    1.050380    0.977110    1.006    2
      age[0]         0.987243    0.000312    0.953344    1.022093    0.985979    1.000    2
      age[0]        1.002215    0.000874    0.945309    1.060917    1.000557    1.000    2
      age[0]         1.015515    0.000535    0.974175    1.062300    1.012550    1.002    2
      age[0]        0.968973    0.001510    0.899565    1.047710    0.964618    1.000    2
      age[0]        0.993396    0.000495    0.952679    1.037909    0.991796    1.001    2
      age[0]         1.008178    0.000220    0.980723    1.037574    1.007559    1.003    2
      age[0]        0.996551    0.000269    0.966720    1.029931    0.995389    1.001    2
      age[0]        1.026119    0.000813    0.974875    1.082189    1.023437    1.000    2
      age[0]         0.916495    0.000989    0.860698    0.983140    0.912728    1.001    2
      age[0]        0.918634    0.001169    0.855325    0.987603    0.915873    1.000    2
