      TL          8.401972    0.087990    7.817082    8.979940    8.395124   6696.67   6911.44    1.000
      TL          8.605076    0.117558    7.942815    9.278216    8.592166    972.38   1582.37    1.000
      TL          8.534404    0.079516    8.000684    9.109883    8.528419   8453.71   8525.22    1.000
      TL          7.453211    0.070472    6.944852    7.983683    7.446130   7214.54   7367.28    1.000
      TL          9.051215    0.099065    8.439674    9.670073    9.045073   2341.86   3541.76    1.000
      TL          5.363092    0.071401    4.839460    5.889852    5.354103   6030.34   7104.40    1.000
      TL          7.929954    0.083934    7.378781    8.506618    7.925640   5080.04   5497.32    1.000
      TL          5.010500    0.075948    4.482634    5.559620    4.998878   5241.62   5642.78    1.000
      TL          6.984513    0.083001    6.417585    7.540989    6.977021   7452.40   7809.35    1.000
      TL          8.782949    0.092445    8.191903    9.375388    8.778605   5393.21   5423.51    1.000
      TL          7.320963    0.067909    6.820265    7.840739    7.317828  10232.75  10370.67    1.000
      TL          3.165392    0.053273    2.720804    3.617009    3.155949   6190.10   6820.36    1.000
      TL          5.119215    0.064627    4.623386    5.618069    5.110373   7597.74   8003.92    1.000
      TL          3.428225    0.051238    3.011437    3.894603    3.417612   7159.75   7446.86    1.000
      TL          9.502208    0.107512    8.867503   10.151700    9.495004   5735.98   5786.89    1.000
      TL          8.770200    0.085546    8.192313    9.331794    8.765133   7086.98   7408.35    1.000
      TL          8.008816    0.083481    7.446191    8.572266    8.003765   3971.69   4907.61    1.000
      TL          4.793019    0.063628    4.291925    5.278733    4.785081   8554.93   8848.89    1.000
      TL          2.689084    0.099397    2.101773    3.309653    2.658704   8136.49   8384.98    1.000
      TL          3.846313    0.054300    3.398908    4.302532    3.838498   9068.13   9202.25    1.000
      TL          8.338924    0.074366    7.806721    8.875359    8.333402   8696.01   8720.55    1.000
      TL          5.145745    0.062831    4.664013    5.643919    5.137160   6996.96   7262.70    1.000
      TL          6.773011    0.084930    6.210087    7.350425    6.764683   5360.70   5658.74    1.000
      TL          5.612455    0.066054    5.125875    6.119464    5.606070   8195.54   8602.33    1.000
      TL          6.875953    0.061753    6.393903    7.363319    6.871667   9277.54   9797.13    1.000
      TL          6.485673    0.078097    5.946481    7.040394    6.478259   6556.65   6638.63    1.000
      TL          8.342701    0.097053    7.736809    8.957188    8.336281   6940.31   7588.72    1.000
      TL          7.109621    0.077950    6.570051    7.657054    7.103102   6328.46   6417.48    1.000
      TL          6.548760    0.081717    5.999491    7.113840    6.543713   7910.82   8046.60    1.000
      TL          6.533089    0.061330    6.049423    7.016739    6.528194   6773.22   7164.30    1.000
      TL          7.612404    0.084185    7.055153    8.188634    7.606737   5232.43   5421.86    1.000
      TL          8.036035    0.087494    7.453721    8.602183    8.029854   5778.64   5970.75    1.000
      TL          6.211081    0.054773    5.750629    6.670828    6.208271   9528.64  10277.57    1.000
      TL          3.960156    0.051042    3.525237    4.408524    3.953371   9945.89  10044.80    1.000
      TL          7.723675    0.068977    7.207466    8.240597    7.719344   6567.66   6867.51    1.000
      TL          3.702932    0.041295    3.312178    4.109439    3.696027   6809.82   7427.09    1.000
      TL          4.887898    0.056979    4.425998    5.360140    4.880579   4717.39   4850.30    1.000
      TL          3.461073    0.041640    3.058572    3.857588    3.451534   5448.10   5569.39    1.000
      TL          4.471343    0.051870    4.023485    4.919206    4.466668  11473.01  12042.05    1.000
      TL          4.935237    0.048325    4.512469    5.373511    4.930446  11559.37  11761.02    1.000
      TL          9.089690    0.096756    8.482896    9.698636    9.081056   2483.48   3365.44    1.000
      TL          5.817360    0.064007    5.322681    6.316769    5.814023   6234.97   6868.53    1.000
      TL          8.395049    0.094323    7.805842    9.009461    8.386317   2924.16   3673.90    1.000
      TL          9.113949    0.086103    8.559976    9.704969    9.108311   8696.66   8792.22    1.000
      TL          7.870009    0.081879    7.317956    8.435394    7.864648   6109.10   6128.17    1.000
      TL          6.246277    0.072659    5.721124    6.770909    6.238292   7240.24   7266.55    1.000
      TL          6.044215    0.050961    5.595540    6.477640    6.040392   8053.82   9515.93    1.000
      TL          5.158780    0.068864    4.669093    5.695769    5.150230   7212.83   7596.02    1.000
      TL          7.388219    0.091879    6.815919    8.004168    7.380314   3573.12   3821.68    1.000
      TL          7.070781    0.067763    6.572505    7.593220    7.064324   5287.81   5893.87    1.000
      TL          4.546199    0.061664    4.058985    5.029408    4.535577   5190.72   5334.12    1.000
      TL          4.669575    0.060382    4.203000    5.161217    4.660401   9508.49   9770.17    1.000
      TL          4.330423    0.080053    3.806066    4.903083    4.312562   5013.31   5284.42    1.000
      TL          6.947721    0.092234    6.344574    7.532851    6.939532   4299.70   4364.57    1.000
      TL          6.406259    0.060914    5.911556    6.881186    6.403901  10555.10  10577.11    1.000
      TL          6.025557    0.058460    5.574606    6.522960    6.018733   6612.29   6700.00    1.000
      TL          9.899060    0.110262    9.248960   10.543040    9.892137   4849.33   5517.42    1.000
      TL          4.678572    0.050118    4.251361    5.130601    4.672189  10084.79  10738.45    1.000
      TL          5.184904    0.067431    4.663408    5.682339    5.177891   8291.59   8882.34    1.000
      TL          6.415080    0.064292    5.916861    6.904583    6.409746   7653.74   7916.79    1.000
      TL          3.025258    0.046217    2.619398    3.459947    3.014636   6628.01   6798.99    1.000
      TL          7.518684    0.073128    6.981141    8.042933    7.511758   7205.10   7488.76    1.000
      TL          4.801960    0.046817    4.388470    5.232485    4.797196   9687.83  10399.10    1.000
      TL          9.349607    0.100261    8.729222    9.961619    9.343896   5004.88   5206.64    1.000
      TL          8.626479    0.090428    8.015654    9.196272    8.619113   5546.57   5910.33    1.000
      TL          8.997667    0.106008    8.361411    9.633342    8.989977   6467.97   6489.93    1.000
      TL          4.302777    0.062250    3.825006    4.799041    4.292877   6117.12   6601.20    1.000
      TL          5.353161    0.083735    4.803513    5.930821    5.341626   5629.10   5886.79    1.000
      TL          6.992079    0.100429    6.382332    7.616475    6.980728   5948.28   6403.54    1.000
      TL          5.890979    0.058746    5.426549    6.375211    5.885385  11203.89  11485.31    1.000
      TL          6.815347    0.062676    6.329085    7.306054    6.810814   6653.69   7659.89    1.000
      TL          7.153521    0.087591    6.570675    7.728042    7.146285   6630.43   6941.18    1.000
      TL          8.820029    0.087785    8.248303    9.401941    8.814682   9370.80   9831.99    1.000
      TL          5.464313    0.069442    4.955848    5.985205    5.455200   4594.33   5235.00    1.000
      TL          5.441718    0.059329    4.968328    5.919987    5.435068  10345.14  10705.37    1.000
      TL          2.390333    0.058957    1.933600    2.873946    2.372742  12875.67  13301.85    1.000
      TL          8.022900    0.083371    7.446652    8.580576    8.016659   5394.48   5692.01    1.000
      TL          3.724041    0.043537    3.313855    4.126788    3.717868  11976.98  11991.25    1.000
      TL          7.735362    0.072341    7.221290    8.270048    7.730533   8419.31   8547.12    1.000
      TL          4.917105    0.060475    4.426700    5.393719    4.911028   9700.24   9738.63    1.000
      TL          7.636696    0.083120    7.069384    8.199555    7.631802   6386.95   6405.91    1.000
      TL          9.080615    0.091363    8.468087    9.653132    9.074749   5918.66   7021.00    1.000
      TL          7.155356    0.072128    6.643319    7.691514    7.150326   5839.23   6052.18    1.000
      TL          7.179527    0.091590    6.611105    7.796138    7.169539   4084.87   4170.07    1.000
      TL          5.065019    0.072353    4.529739    5.583971    5.054379   7372.51   7513.91    1.000
      TL          7.438548    0.075969    6.903593    7.984455    7.432821   6788.41   7208.66    1.000
      TL          5.937119    0.069854    5.434281    6.464548    5.929555   5217.66   5400.33    1.000
      TL          5.386950    0.079227    4.856249    5.950097    5.377709   5419.81   6415.44    1.000
      TL          4.983902    0.053011    4.535805    5.434372    4.977388   9384.72   9857.61    1.000
      TL          6.138739    0.067323    5.637794    6.654549    6.131756  10802.45  10936.79    1.000
      TL          8.903243    0.096758    8.312682    9.526274    8.897497   7131.99   7346.53    1.000
      TL          8.296709    0.090987    7.733450    8.920032    8.290204   6456.03   6611.44    1.000
      TL         11.255174    0.179516   10.448930   12.108330   11.240620   2242.54   2262.22    1.000
      TL          4.776588    0.091114    4.197540    5.369798    4.760024   4760.27   5371.56    1.000
      TL          8.946812    0.096340    8.334186    9.552132    8.939606   7419.92   7527.33    1.000
      TL          9.716491    0.107764    9.092271   10.379000    9.710057   3646.61   3820.81    1.000
      TL          4.198212    0.037797    3.820367    4.583211    4.194675  10012.87  10396.94    1.000
      TL          5.366885    0.060798    4.883410    5.849459    5.358537   4260.22   4800.42    1.000
      TL          8.441537    0.106734    7.813787    9.086368    8.432463   4170.60   4512.34    1.000
      TL          6.599620    0.074863    6.078455    7.152631    6.594640   6733.98   7023.97    1.000
