reso  sja  d_qt  d_ci  d_rf
0.8837209 0.9859755 0.01775899 0.140498 0.1731669
0.7777778 0.98685 0.02737353 0.1593244 0.2117276
0.8636364 0.9989954 0.03215878 0.1163532 0.1288458
0.8636364 0.9868968 0.02271746 0.102049 0.1671854
0.8409091 0.977918 0.05274017 0.181284 0.2763422
0.9 0.9791642 0.04291361 0.1601602 0.179895
0.8717949 0.9555639 0.06492897 0.1260326 0.1763532
0.9545455 0.9894602 0.01541502 0.09397722 0.1355466
0.8275862 0.9647815 0.0596079 0.1372664 0.1707469
0.8222222 0.9742147 0.04254291 0.1654749 0.2767039
0.8684211 0.995221 0.01702874 0.106347 0.1162878
0.9375 0.8788352 0.124097 0.2586362 0.3333846
0.8695652 0.9782148 0.03160535 0.1220103 0.1484158
0.8125 1 0.0126419 0.06996689 0.05069663
0.744186 0.9968632 0.03602047 0.1752699 0.2117921
0.8695652 0.9882903 0.02292851 0.1046123 0.1367355
0.8604651 0.9895258 0.03574471 0.1241792 0.216466
0.9473684 0.937354 0.06479836 0.1185151 0.1392135
0.7142857 0.8723404 0.1666667 0.2849098 0.3273631
0.875 0.9785258 0.0745614 0.1856991 0.2350648
0.7608696 0.9968124 0.06451415 0.1901418 0.210363
0.7916667 0.9895495 0.03555556 0.1436914 0.194603
1 0.9846688 0.01533121 0.06745579 0.09321456
0.8846154 0.9651112 0.05096628 0.2058648 0.2546612
0.9 0.9918215 0.04000486 0.1128026 0.1936276
0.9259259 0.9673566 0.04026637 0.109613 0.1430898
0.8529412 0.9719038 0.03817094 0.130996 0.1836429
0.8857143 0.9486253 0.06607058 0.1384524 0.1957612
0.8518519 0.9979545 0.02032476 0.118365 0.124364
0.8461538 0.9833355 0.0296882 0.1546897 0.2349661
0.8292683 0.9727995 0.04211755 0.1237716 0.1539565
0.7837838 0.8956177 0.1164296 0.2087072 0.2782593
0.9189189 0.9917636 0.01850859 0.1267655 0.1655334
0.7647059 0.9681416 0.06326109 0.1488106 0.188123
0.9565217 0.9710278 0.03023939 0.1184412 0.2193265
0.95 0.9611717 0.04664032 0.1068275 0.1369198
0.8148148 1 0.06296296 0.1099336 0.1127585
0.9090909 0.9800211 0.0327668 0.1002279 0.1388864
0.9473684 0.9874309 0.01756664 0.06313201 0.1174648
0.68 0.9985417 0.08258852 0.1974449 0.1904565
0.7446809 0.9980417 0.05054711 0.2285246 0.2576423
0.9310345 0.9816958 0.02431869 0.07318225 0.122643
0.8085106 0.9907744 0.06296787 0.1785398 0.2493707
0.8297872 0.9914662 0.03912723 0.1279069 0.158831
0.8378378 0.9751237 0.09038188 0.1661936 0.2587766
0.8518519 0.9507748 0.0615946 0.154271 0.1824644
0.85 0.9766669 0.03964428 0.134185 0.1582071
0.875 0.9580641 0.09606838 0.1418672 0.2167005
0.8787879 0.9832743 0.02026993 0.1148499 0.1656665
0.9555556 0.9954436 0.007115325 0.04540355 0.09562564
0.826087 0.9747688 0.07080268 0.1680071 0.208018
1 0.9969925 0.003007519 0.03165483 0.02942867
0.8421053 0.9949367 0.0189337 0.09694863 0.09842895
0.8666667 0.9715888 0.05826002 0.1519246 0.2172329
0.875 0.9854285 0.05972116 0.1069318 0.136996
0.9142857 0.9934825 0.01994175 0.06279304 0.09234946
0.8333333 0.9969008 0.01575221 0.1003619 0.1407699
0.7727273 0.9825153 0.08114625 0.2033592 0.250133
0.8 1 0.04776962 0.1288571 0.1399547
0.8918919 0.9822304 0.02339972 0.1177866 0.1780109
0.8888889 0.9914697 0.03792815 0.1047622 0.1332594
0.9 0.9652801 0.04609837 0.1084091 0.1710131
0.92 1 0.0181685 0.05384145 0.05919754
0.9333333 0.967276 0.04060798 0.08649586 0.1504017
0.9069767 0.97341 0.03249073 0.1204978 0.1826589
0.925 0.9832969 0.03108338 0.0808681 0.1493847
0.8823529 1 0.02033024 0.0787225 0.08686791
0.9090909 0.9633933 0.03968379 0.09993374 0.2015256
0.8846154 0.9495748 0.05705023 0.1511039 0.2753628
0.8461538 0.9741097 0.05435561 0.1502773 0.178154
0.825 0.9794001 0.05835832 0.1763104 0.2609278
0.8518519 0.9969685 0.027422 0.1080557 0.127192
0.8 0.9967965 0.04008184 0.1573979 0.1809592
0.7826087 0.9852439 0.02488294 0.1349135 0.1441198
0.7692308 1 0.09626963 0.1470154 0.1534705
0.8333333 1 0.03968254 0.0939336 0.0974326
0.8205128 0.9321724 0.08160011 0.1729423 0.2333613
0.9333333 0.9719658 0.04885621 0.1370526 0.1868321
0.8780488 0.882271 0.1400174 0.1488067 0.183082
0.7368421 1 0.05994532 0.1477257 0.1449405
0.8421053 0.9992048 0.04125605 0.1277005 0.1395831
0.9090909 0.9852207 0.04277745 0.1117545 0.1707615
0.8974359 0.9825949 0.03007683 0.1204425 0.2268475
0.8857143 0.9719992 0.03893518 0.1093904 0.1323666
0.8947368 1 0.01086808 0.05390412 0.05279818
0.9210526 0.984636 0.02156611 0.1098802 0.1615747
0.7 0.9697123 0.06794966 0.250879 0.3313442
0.9 0.9911586 0.01693958 0.1065151 0.116046
0.8076923 0.9965863 0.03452486 0.1234782 0.1240163
0.9166667 0.9835819 0.02336182 0.144726 0.1765959
0.9302326 0.9800686 0.0208904 0.08407809 0.115556
0.9142857 0.9759809 0.02884238 0.07428967 0.09798041
0.9130435 0.9226525 0.1080915 0.1339124 0.195437
1 0.8880289 0.1119711 0.1926068 0.2297211
0.95 0.9520274 0.0535694 0.1430491 0.2084984
0.9130435 0.9992967 0.0442759 0.09179146 0.102803
0.9666667 0.9805449 0.02072336 0.06953853 0.1467691
0.8928571 0.9654511 0.04528842 0.1356591 0.2632462
0.7894737 0.9711959 0.06466377 0.1969678 0.2661369
0.8709677 0.993563 0.0618639 0.1345834 0.1919199
