      TL          8.213059    0.034897    7.857147    8.590439    8.209268   4857.08   5024.30    1.000
      TL          7.951491    0.040411    7.560910    8.343658    7.947524   3994.01   4070.74    1.000
      TL          8.604219    0.035049    8.241242    8.974126    8.601528   5234.97   5875.76    1.000
      TL          7.893359    0.031386    7.542662    8.237832    7.890919   4152.47   4316.00    1.000
      TL          8.594902    0.041793    8.196740    8.993390    8.590700   4719.50   4832.91    1.000
      TL          4.952176    0.026625    4.635677    5.273486    4.946526   7469.17   7925.26    1.000
      TL          7.404799    0.031069    7.061934    7.754611    7.402582   4649.23   5185.03    1.000
      TL          4.936899    0.026926    4.616465    5.258910    4.932663   7015.48   7184.37    1.000
      TL          6.711667    0.031483    6.370521    7.063405    6.708818   7956.79   8000.31    1.000
      TL          9.278882    0.046867    8.854643    9.699749    9.274732   4845.34   4910.27    1.000
      TL          7.350575    0.031748    7.012335    7.703181    7.346327   5596.89   6005.80    1.000
      TL          3.568902    0.018596    3.307240    3.834726    3.564237   6209.64   6765.96    1.000
      TL          5.855053    0.035074    5.495073    6.224238    5.850793   7562.53   7593.04    1.000
      TL          3.559499    0.016804    3.306845    3.811937    3.555402   8568.90   9092.72    1.000
      TL          9.763629    0.047537    9.350048   10.206110    9.758876   4265.80   4994.09    1.000
      TL          8.674948    0.035437    8.311440    9.045884    8.671922   4022.03   5082.97    1.000
      TL          8.362735    0.039107    7.984524    8.753464    8.356924   3373.76   3430.93    1.000
      TL          4.915414    0.025854    4.606933    5.238122    4.910656   9108.63   9159.65    1.000
      TL          3.199959    0.031123    2.862524    3.551885    3.194018  11610.90  12224.68    1.000
      TL          4.111226    0.021632    3.829810    4.407026    4.106821  10070.36  10130.41    1.000
      TL          8.476750    0.031298    8.137096    8.830542    8.472790   5450.71   6013.21    1.000
      TL          5.229835    0.028673    4.905040    5.565983    5.224055   5137.66   5987.96    1.000
      TL          7.079198    0.036158    6.711500    7.450878    7.075768   6121.87   6545.09    1.000
      TL          5.477366    0.024534    5.169336    5.779405    5.474191   8134.30   8962.27    1.000
      TL          7.282569    0.030352    6.950081    7.630601    7.278469   4819.27   5083.16    1.000
      TL          7.196796    0.039853    6.807599    7.591041    7.191499   6664.22   6780.57    1.000
      TL          8.396777    0.048812    7.966522    8.829266    8.392884   5660.87   5884.19    1.000
      TL          7.332006    0.034864    6.963603    7.694651    7.327773   5039.53   5374.22    1.000
      TL          6.298826    0.031775    5.956921    6.656376    6.295751   8276.13   8548.44    1.000
      TL          6.552821    0.025516    6.236100    6.862884    6.549639   4888.07   5121.76    1.000
      TL          7.513352    0.032747    7.169561    7.880489    7.509703   4044.37   4135.80    1.000
      TL          7.991433    0.035535    7.638911    8.377748    7.987719   6131.69   6229.30    1.000
      TL          6.774301    0.028339    6.450724    7.109028    6.771105   5673.11   5756.55    1.000
      TL          4.022126    0.020503    3.745707    4.302264    4.017765   7595.92   8179.05    1.000
      TL          7.520299    0.026738    7.201554    7.840997    7.518444   4318.38   4661.05    1.000
      TL          4.094640    0.020673    3.822809    4.383830    4.091132   6143.63   6859.87    1.000
      TL          4.872248    0.023407    4.572980    5.171488    4.868520   4545.94   4848.06    1.000
      TL          3.544607    0.013743    3.313889    3.774143    3.541537   4282.24   4394.75    1.000
      TL          4.630038    0.022951    4.341440    4.928866    4.625630   9254.59   9542.59    1.000
      TL          5.288850    0.026532    4.986597    5.623980    5.285409   6077.77   6815.21    1.000
      TL          8.987788    0.042632    8.584118    9.391630    8.984347   3309.41   3598.56    1.000
      TL          5.646115    0.023879    5.352314    5.954051    5.642933   6745.49   6808.29    1.000
      TL          8.726034    0.037898    8.343124    9.103555    8.722331   2837.46   3161.26    1.000
      TL          9.372043    0.043761    8.978055    9.795228    9.369802   4372.75   4448.77    1.000
      TL          8.270520    0.040713    7.875484    8.668336    8.266739   5087.47   5299.00    1.000
      TL          5.824052    0.026256    5.516353    6.150953    5.820349   6152.21   6227.64    1.000
      TL          6.600791    0.023832    6.300292    6.903973    6.598755   4904.67   5110.52    1.000
      TL          4.992652    0.027406    4.669415    5.316684    4.987555   4989.98   5443.54    1.000
      TL          7.350596    0.033829    6.997896    7.717353    7.347142   4935.56   5019.61    1.000
      TL          7.073677    0.026668    6.765600    7.407722    7.070636   3648.33   3697.36    1.000
      TL          4.562917    0.018792    4.301728    4.837447    4.559509   7669.71   8244.00    1.000
      TL          4.804576    0.026406    4.490148    5.123446    4.799912  11792.17  11820.50    1.000
      TL          4.118770    0.019190    3.853508    4.394443    4.115406  10016.01  10104.43    1.000
      TL          6.492461    0.029973    6.156886    6.834775    6.488830   6917.13   7105.20    1.000
      TL          6.800749    0.033148    6.456207    7.169993    6.797016   6425.43   6513.06    1.000
      TL          6.136226    0.023835    5.836700    6.444821    6.132771   5233.25   5461.31    1.000
      TL          9.491846    0.047460    9.069932    9.921732    9.487235   5387.48   5623.45    1.000
      TL          4.908530    0.020654    4.621922    5.187752    4.905484   8119.47   8199.26    1.000
      TL          5.200821    0.028256    4.884557    5.543773    5.196637  10463.48  10659.11    1.000
      TL          6.848410    0.029193    6.525619    7.193340    6.845281   4044.87   4533.22    1.000
      TL          3.203173    0.014870    2.962024    3.441487    3.199500   6767.32   6986.36    1.000
      TL          7.427741    0.033801    7.058231    7.776879    7.423928   4341.68   4491.01    1.000
      TL          4.843440    0.020760    4.555958    5.121624    4.839803   6326.96   6832.30    1.000
      TL          9.267235    0.040403    8.874949    9.658851    9.263277   4382.86   4717.29    1.000
      TL          8.516029    0.037759    8.130950    8.892478    8.512859   4668.34   4835.95    1.000
      TL          9.056714    0.052148    8.620873    9.511466    9.052695   4231.41   4540.34    1.000
      TL          4.282402    0.024456    3.975290    4.586419    4.278241   7966.81   8181.91    1.000
      TL          5.631521    0.036847    5.258293    6.005370    5.626918   6085.03   6093.64    1.000
      TL          6.684541    0.035881    6.323364    7.066321    6.680086   7927.13   8106.20    1.000
      TL          6.365891    0.029264    6.042724    6.707582    6.361829   7188.04   7202.89    1.000
      TL          6.959645    0.028475    6.642352    7.300199    6.956754   4233.01   4574.04    1.000
      TL          6.994750    0.039469    6.613507    7.390428    6.989661   6312.99   6985.85    1.000
      TL          8.690369    0.041775    8.276369    9.077781    8.686930   5095.15   5215.62    1.000
      TL          5.399931    0.026947    5.086395    5.728141    5.396852   7218.11   7468.57    1.000
      TL          4.978459    0.023387    4.689920    5.289078    4.974580   6714.99   6971.17    1.000
      TL          2.933971    0.023857    2.639168    3.238986    2.926890  14357.84  15275.79    1.000
      TL          8.458891    0.044625    8.053176    8.879240    8.454030   4559.02   4856.37    1.000
      TL          3.927620    0.021405    3.644702    4.218937    3.923493   8935.33   9214.59    1.000
      TL          7.807439    0.038353    7.421417    8.188984    7.803694   3094.32   3149.46    1.000
      TL          4.870370    0.028342    4.546141    5.205210    4.865703   9190.07   9342.39    1.000
      TL          8.493255    0.046345    8.065106    8.905705    8.489605   3848.71   4040.69    1.000
      TL          9.734481    0.048731    9.306472   10.166690    9.729449   5885.38   5959.03    1.000
      TL          7.237287    0.029856    6.898368    7.574025    7.234534   3547.18   4151.70    1.000
      TL          7.462685    0.039411    7.071092    7.846356    7.458270   4966.90   5087.72    1.000
      TL          5.363066    0.031346    5.026147    5.717379    5.358759   8257.79   8718.17    1.000
      TL          7.398008    0.032361    7.056849    7.762160    7.395307   3654.57   3862.35    1.000
      TL          6.198528    0.031121    5.862853    6.554983    6.195712   5531.74   5704.58    1.000
      TL          4.946777    0.022055    4.650113    5.232710    4.943871   8565.68   8602.71    1.000
      TL          5.266594    0.026511    4.948381    5.582256    5.262315   4795.33   5163.07    1.000
      TL          5.879333    0.033983    5.520922    6.241106    5.874448   6808.90   7489.70    1.000
      TL          8.598674    0.043380    8.200729    9.011687    8.595305   3269.28   3557.08    1.000
      TL          8.087750    0.038559    7.697556    8.462004    8.084261   5064.89   5201.06    1.000
      TL         10.263477    0.052541    9.813407   10.709190   10.260480   4500.71   4571.41    1.000
      TL          4.765615    0.033858    4.417945    5.136214    4.761337   9439.77   9863.81    1.000
      TL          8.782243    0.040741    8.393356    9.184402    8.779576   4822.26   5328.90    1.000
      TL          9.492963    0.041548    9.091150    9.891084    9.488690   4388.61   4876.20    1.000
      TL          4.396562    0.015520    4.158381    4.644673    4.394842   5458.84   5556.41    1.000
      TL          5.360785    0.024068    5.064996    5.677612    5.357481   6525.92   6806.62    1.000
      TL          8.303603    0.041490    7.909300    8.701407    8.300114   4554.33   4604.47    1.000
      TL          6.569556    0.031835    6.221706    6.916853    6.564865   5148.28   5227.90    1.000
