      clockrate                1.045617    0.003735    0.924926    1.164098    1.044866    535.85    545.88    1.002
      clockrate                1.044866    0.003340    0.933268    1.159119    1.043573   1629.18   1791.44    1.000
      clockrate                1.059187    0.002603    0.957980    1.157645    1.057893    607.22    764.67    1.001
      clockrate                0.945484    0.002627    0.849925    1.050495    0.944442    877.65    961.25    1.000
      clockrate                1.053658    0.003135    0.944030    1.162948    1.053463    455.42    571.30    1.000
      clockrate                0.996994    0.005412    0.854630    1.140611    0.994977   1892.49   1899.47    1.000
      clockrate                1.120978    0.003092    1.013263    1.229106    1.119846   2570.28   2701.77    1.000
      clockrate                1.216723    0.010783    1.013309    1.423038    1.213989    726.62    783.76    1.001
      clockrate                1.098764    0.005776    0.951187    1.247219    1.097632   1379.90   1390.36    1.000
      clockrate                1.068148    0.002866    0.963631    1.172096    1.066678   1670.44   1746.83    1.000
      clockrate                1.015184    0.002946    0.911256    1.122521    1.013803    858.88    934.74    1.001
      clockrate                0.963727    0.013580    0.734199    1.194195    0.959871    933.79   1033.89    1.000
      clockrate                1.181198    0.006769    1.023067    1.345917    1.180719   1225.87   1718.14    1.000
      clockrate                0.903861    0.009950    0.714863    1.105058    0.898670    973.22   1139.61    1.000
      clockrate                0.985146    0.003004    0.882357    1.096825    0.984076    606.75    801.29    1.000
      clockrate                1.124416    0.002872    1.021741    1.230605    1.123135   1576.56   1702.03    1.000
      clockrate                1.036605    0.002901    0.931816    1.142826    1.034974   1499.05   1535.01    1.001
      clockrate                1.079571    0.011361    0.873808    1.291012    1.076702   1070.48   1170.56    1.000
      clockrate                1.282057    0.013405    1.057403    1.507728    1.278930   9369.13   9751.83    1.000
      clockrate                1.022722    0.004844    0.890571    1.162576    1.020564   2186.03   2400.12    1.000
      clockrate                1.065576    0.003369    0.954027    1.181700    1.064891    836.12   1221.48    1.000
      clockrate                0.922996    0.003984    0.803937    1.050018    0.921791   1941.68   2159.19    1.000
      clockrate                0.989304    0.007244    0.827781    1.163298    0.985875   1030.96   1040.28    1.001
      clockrate                1.056652    0.007150    0.890777    1.222479    1.053773    731.01    821.32    1.000
      clockrate                1.198144    0.004485    1.066045    1.329891    1.197104   1611.32   1829.10    1.001
      clockrate                1.068656    0.006083    0.916575    1.222730    1.067101    596.88    728.16    1.000
      clockrate                1.071994    0.007202    0.911427    1.242659    1.068766    719.23    793.57    1.003
      clockrate                0.951561    0.003319    0.840682    1.064988    0.949794   1233.83   1317.74    1.001
      clockrate                1.085948    0.006405    0.930541    1.244091    1.082902   1225.40   1271.38    1.000
      clockrate                1.018174    0.003374    0.900472    1.128601    1.017744   1085.07   1265.28    1.000
      clockrate                1.128518    0.009695    0.937829    1.323781    1.125697    255.74    266.15    1.001
      clockrate                1.092885    0.004810    0.959457    1.229847    1.090078    435.55    439.48    1.000
      clockrate                1.055668    0.003432    0.942734    1.171413    1.054638    734.69    866.71    1.001
      clockrate                1.003650    0.007472    0.838404    1.179263    1.002839   2007.80   2057.07    1.000
      clockrate                1.019216    0.002306    0.924475    1.111967    1.017934   1899.82   1913.21    1.000
      clockrate                0.991021    0.005793    0.845771    1.144870    0.987868   2302.73   2810.51    1.000
      clockrate                0.968430    0.005375    0.827591    1.113775    0.967129    995.34   1323.68    1.000
      clockrate                0.949888    0.005075    0.810322    1.088697    0.948759   1096.33   1311.98    1.000
      clockrate                0.975218    0.005822    0.823200    1.123614    0.972571   1925.17   2028.11    1.000
      clockrate                1.041900    0.005266    0.905542    1.191311    1.040423   1564.76   1687.62    1.000
      clockrate                1.102138    0.003235    0.996472    1.216948    1.101036    969.46   1050.70    1.001
      clockrate                1.038296    0.005981    0.889926    1.192859    1.036416    715.45    766.18    1.001
      clockrate                0.987920    0.002894    0.881983    1.093384    0.987582    422.69    555.85    1.001
      clockrate                0.969164    0.003475    0.856115    1.086977    0.967360    608.82    644.50    1.000
      clockrate                1.026931    0.003649    0.911506    1.148228    1.025921    446.56    577.35    1.003
      clockrate                0.879925    0.003979    0.758505    1.004753    0.877775   1312.29   1469.04    1.000
      clockrate                1.214033    0.004905    1.082783    1.358192    1.212585    872.66   1036.36    1.001
      clockrate                1.060048    0.010485    0.865104    1.266122    1.055425    715.83    838.71    1.001
      clockrate                1.077026    0.004087    0.953993    1.205905    1.076367   1668.73   1675.41    1.001
      clockrate                0.992361    0.002971    0.887296    1.101505    0.991329   1097.33   1298.66    1.000
      clockrate                1.076840    0.007112    0.921263    1.247186    1.073395   1828.05   1860.78    1.000
      clockrate                0.920551    0.007527    0.752319    1.089705    0.919453    683.71    761.39    1.000
      clockrate                1.075586    0.008961    0.890118    1.260685    1.073258   1740.86   2118.26    1.000
      clockrate                1.047909    0.004012    0.924740    1.172588    1.046102   1397.68   1484.86    1.000
      clockrate                1.084037    0.004404    0.952783    1.210698    1.083403   1485.77   1704.85    1.001
      clockrate                1.024409    0.004477    0.891637    1.154407    1.022495   1071.37   1342.88    1.001
      clockrate                1.005061    0.002839    0.902224    1.110465    1.004342    297.24    402.23    1.007
      clockrate                1.135083    0.008295    0.961270    1.317678    1.131733   1416.22   1448.34    1.000
      clockrate                1.141322    0.008940    0.959195    1.327142    1.137736   1124.09   1223.76    1.000
      clockrate                1.118772    0.005068    0.980018    1.258022    1.117029    875.62    944.83    1.000
      clockrate                1.070349    0.007044    0.907472    1.237047    1.067806   4345.97   4667.37    1.000
      clockrate                1.019804    0.003164    0.909955    1.130363    1.018357    743.47    839.42    1.001
      clockrate                1.019952    0.004127    0.897202    1.149843    1.018262   1064.83   1230.97    1.000
      clockrate                0.957804    0.002802    0.854956    1.061678    0.956282    640.98    767.11    1.000
      clockrate                0.974738    0.002958    0.869985    1.081317    0.973589   1377.74   1519.29    1.000
      clockrate                1.022645    0.003676    0.907414    1.142617    1.020291    928.27    958.86    1.000
      clockrate                0.945630    0.007693    0.780031    1.121287    0.943017    462.36    562.01    1.000
      clockrate                1.211939    0.008962    1.027418    1.395718    1.209224   1869.94   1889.93    1.000
      clockrate                1.157294    0.005716    1.014362    1.308373    1.155167   1720.42   2032.12    1.000
      clockrate                1.063797    0.006757    0.904823    1.227108    1.061926   1243.85   1327.16    1.000
      clockrate                1.128561    0.003654    1.008648    1.245886    1.127007    937.98    957.46    1.001
      clockrate                0.951251    0.004383    0.826795    1.085218    0.948928   1663.40   1744.15    1.001
      clockrate                1.105114    0.004770    0.973244    1.242194    1.103278   1177.13   1192.47    1.000
      clockrate                1.179025    0.007424    1.007199    1.345492    1.179163    686.62   1048.85    1.000
      clockrate                1.062449    0.004769    0.930095    1.201254    1.060144    937.21   1078.40    1.000
      clockrate                1.018080    0.017382    0.766016    1.276176    1.011681   2374.63   2560.22    1.000
      clockrate                1.029139    0.003056    0.924653    1.140383    1.028695    266.95    404.89    1.002
      clockrate                1.114148    0.006518    0.962810    1.276313    1.111286   3589.66   3731.27    1.000
      clockrate                0.977274    0.003317    0.865149    1.091068    0.976415   1399.72   1439.44    1.000
      clockrate                1.050191    0.007876    0.876038    1.225086    1.048145   1338.65   1474.95    1.000
      clockrate                1.039055    0.004647    0.904294    1.171773    1.038607    417.38    426.63    1.001
      clockrate                1.036046    0.002541    0.935770    1.132463    1.035446   1537.93   1655.51    1.000
      clockrate                1.147987    0.004850    1.015076    1.287176    1.147474   1139.41   1229.24    1.000
      clockrate                1.088251    0.004708    0.954566    1.222811    1.086393    852.77    984.29    1.000
      clockrate                0.998508    0.005053    0.864088    1.144559    0.997358   1666.37   1724.45    1.000
      clockrate                1.045114    0.004242    0.915140    1.169926    1.043604   1201.99   1219.79    1.000
      clockrate                1.110239    0.007077    0.947075    1.273728    1.108380    444.22    515.30    1.001
      clockrate                1.016490    0.005649    0.866626    1.161735    1.014099   1128.39   1325.42    1.000
      clockrate                1.022841    0.005467    0.878670    1.168223    1.021453   1126.01   1350.57    1.000
      clockrate                0.974213    0.005158    0.838509    1.119489    0.973118    788.97    883.41    1.000
      clockrate                1.033865    0.003366    0.920963    1.148125    1.033494   1422.77   1513.46    1.001
      clockrate                1.103984    0.003671    0.984328    1.221381    1.102523   2130.96   2264.94    1.000
      clockrate                1.103416    0.003527    0.988887    1.221113    1.101602    993.98   1048.89    1.000
      clockrate                1.165649    0.013442    0.940114    1.395984    1.162581    790.14    829.25    1.000
      clockrate                1.156742    0.005340    1.014639    1.302154    1.155004    294.35    433.32    1.000
      clockrate                1.079246    0.003702    0.964212    1.201619    1.077701   1249.19   1272.10    1.000
      clockrate                1.015341    0.004952    0.876283    1.150330    1.013831    306.65    315.93    1.000
      clockrate                1.051998    0.006051    0.902714    1.205108    1.048935   1092.44   1189.75    1.000
      clockrate                1.140760    0.003983    1.014537    1.263274    1.140923    556.64    619.21    1.000
      clockrate                1.075796    0.004313    0.951351    1.207358    1.074470   1022.50   1239.10    1.001
