      clockrate                1.120959    0.005086    0.984302    1.264233    1.119046    444.01    482.98    1.000
      clockrate                1.050416    0.003735    0.934001    1.171961    1.048615    808.97    825.44    1.000
      clockrate                0.991291    0.002541    0.893796    1.089489    0.989911    531.44    776.98    1.001
      clockrate                0.991399    0.002589    0.895631    1.094187    0.990946    930.66   1110.06    1.000
      clockrate                1.120578    0.003094    1.013200    1.229708    1.119549   1102.43   1190.17    1.000
      clockrate                1.002190    0.005974    0.856634    1.158146    1.000006   1140.83   1504.45    1.000
      clockrate                1.083867    0.002996    0.979318    1.191970    1.082837   1806.57   1994.37    1.001
      clockrate                1.185738    0.012094    0.970431    1.399921    1.183174    535.38    605.22    1.000
      clockrate                0.990957    0.004846    0.852926    1.124390    0.988522   1350.14   1458.71    1.002
      clockrate                1.019184    0.003339    0.907578    1.131691    1.017912    972.86    985.13    1.001
      clockrate                1.015326    0.003084    0.909822    1.128226    1.013975   1173.99   1280.35    1.001
      clockrate                0.979400    0.012923    0.765976    1.208135    0.972770    754.90    866.65    1.000
      clockrate                1.114818    0.008008    0.941995    1.291589    1.114151   1225.10   1503.96    1.000
      clockrate                1.051925    0.015799    0.814289    1.305034    1.045431    895.71    931.61    1.001
      clockrate                1.161295    0.004573    1.030971    1.295415    1.159192    512.48    521.71    1.000
      clockrate                0.956876    0.002647    0.853250    1.054356    0.955954    940.85   1105.91    1.000
      clockrate                1.079561    0.003752    0.960117    1.200295    1.077279   1284.61   1296.07    1.000
      clockrate                1.429583    0.030594    1.111477    1.791005    1.419242    658.83    695.94    1.004
      clockrate                1.197795    0.015374    0.949797    1.435430    1.194545   4424.92   4628.34    1.000
      clockrate                1.136647    0.005520    0.993544    1.282803    1.134995   4898.89   5335.21    1.000
      clockrate                1.213740    0.003716    1.093610    1.332599    1.214331   1607.08   1766.59    1.000
      clockrate                1.167744    0.005827    1.021375    1.320256    1.164936   2806.66   2962.39    1.000
      clockrate                1.237535    0.011037    1.039905    1.448754    1.237039    758.85    844.32    1.001
      clockrate                1.019950    0.005878    0.871217    1.170498    1.016836    521.91    615.17    1.003
      clockrate                1.166950    0.003416    1.053033    1.283533    1.165847   1629.70   1687.82    1.002
      clockrate                1.041218    0.006145    0.887052    1.196068    1.039308   1134.82   1160.70    1.000
      clockrate                1.145496    0.007908    0.971788    1.320761    1.143632    798.09    801.62    1.000
      clockrate                1.056453    0.004307    0.932478    1.189813    1.054973   1437.49   1445.10    1.000
      clockrate                1.090975    0.008247    0.916797    1.273595    1.089634    793.16    823.75    1.000
      clockrate                0.994258    0.003109    0.885350    1.103172    0.993924   1836.45   1866.38    1.000
      clockrate                1.049703    0.005399    0.905853    1.191288    1.047940    299.39    484.50    1.001
      clockrate                1.078340    0.004147    0.956319    1.206191    1.077234    529.83    577.57    1.001
      clockrate                1.051296    0.003049    0.946085    1.160785    1.049883   1367.12   1462.28    1.001
      clockrate                1.080987    0.007653    0.915086    1.257849    1.077495   2434.83   2620.56    1.000
      clockrate                0.969807    0.002308    0.877010    1.064607    0.968745   1145.43   1450.77    1.000
      clockrate                1.063389    0.008124    0.894998    1.246344    1.060119   1809.98   1861.96    1.000
      clockrate                1.021941    0.004611    0.890927    1.156429    1.020117   1421.17   1539.89    1.000
      clockrate                1.199147    0.006513    1.043354    1.359063    1.197597   3139.09   3222.72    1.000
      clockrate                0.969496    0.008235    0.797881    1.148276    0.964317   1747.75   1752.54    1.000
      clockrate                1.013035    0.004456    0.885971    1.146914    1.010848   1599.45   1700.30    1.000
      clockrate                1.056341    0.003031    0.951176    1.165083    1.056038    691.09    837.83    1.001
      clockrate                1.055995    0.006633    0.895597    1.214269    1.054142    581.50    703.25    1.000
      clockrate                1.033715    0.003291    0.917557    1.143110    1.032516    600.58    680.67    1.000
      clockrate                1.130122    0.003932    1.004750    1.250525    1.129895    845.62    852.12    1.004
      clockrate                1.065908    0.004182    0.942556    1.193737    1.064360    955.64   1084.41    1.001
      clockrate                1.112972    0.005059    0.973577    1.250288    1.111519   2144.01   2224.91    1.000
      clockrate                1.047698    0.004313    0.918453    1.175900    1.046540   1001.65   1060.20    1.000
      clockrate                1.168686    0.014681    0.934612    1.405851    1.161666    750.93    751.19    1.000
      clockrate                1.125886    0.004327    0.998775    1.256609    1.125001   2056.07   2087.23    1.001
      clockrate                1.048796    0.003786    0.931034    1.171133    1.046993    956.13   1058.86    1.004
      clockrate                1.280584    0.008999    1.094352    1.463204    1.278230   1734.75   1747.69    1.000
      clockrate                1.128072    0.007381    0.960951    1.295245    1.126689    971.45   1053.42    1.001
      clockrate                1.186868    0.012268    0.975154    1.406272    1.181525   1506.51   1658.54    1.000
      clockrate                1.189098    0.005048    1.049848    1.330320    1.187451   1257.09   1653.03    1.000
      clockrate                1.111781    0.004245    0.983949    1.239881    1.110526   1762.74   1970.72    1.000
      clockrate                1.031567    0.004369    0.904784    1.162841    1.029898    758.84    905.55    1.000
      clockrate                1.096845    0.003036    0.991937    1.206828    1.096184   1355.08   1501.90    1.000
      clockrate                1.007505    0.005219    0.870329    1.151099    1.005001   2151.94   2303.05    1.000
      clockrate                0.933561    0.007644    0.764694    1.108082    0.931170    794.27    810.20    1.000
      clockrate                0.969418    0.004641    0.836410    1.101608    0.969044    733.68    810.56    1.000
      clockrate                1.313969    0.020400    1.030000    1.593505    1.313972   1208.18   1345.47    1.000
      clockrate                1.013004    0.003050    0.905754    1.121815    1.012271    477.57    491.51    1.001
      clockrate                1.081376    0.004998    0.947885    1.224383    1.079632   1477.87   1620.18    1.000
      clockrate                0.929181    0.002607    0.828325    1.028218    0.927885    950.02   1035.86    1.000
      clockrate                1.111551    0.004527    0.983028    1.245783    1.109575   1168.73   1177.36    1.000
      clockrate                1.053114    0.004000    0.927318    1.174187    1.051369    978.25    989.79    1.000
      clockrate                1.017715    0.010753    0.823009    1.225164    1.013368    527.56    678.94    1.001
      clockrate                1.260783    0.010973    1.055194    1.460453    1.259033   1408.94   1483.24    1.000
      clockrate                1.147405    0.008804    0.964120    1.326439    1.144489   1090.35   1219.56    1.000
      clockrate                1.217803    0.009252    1.030827    1.406433    1.215709   1087.73   1176.30    1.000
      clockrate                1.079700    0.003055    0.973262    1.189217    1.078341   1521.24   1522.08    1.000
      clockrate                1.094887    0.008211    0.915950    1.271685    1.091017   1134.75   1214.14    1.001
      clockrate                1.176310    0.004702    1.043532    1.311365    1.175324   1265.12   1397.77    1.000
      clockrate                1.000020    0.006985    0.839052    1.162365    0.998860    781.05    849.07    1.000
      clockrate                1.056992    0.004356    0.930472    1.187975    1.055767   1365.18   1462.09    1.000
      clockrate                1.331204    0.023716    1.026859    1.640060    1.324719   1066.38   2652.89    1.000
      clockrate                1.028930    0.003476    0.915163    1.144253    1.028410    211.39    250.55    1.000
      clockrate                1.044491    0.004613    0.912565    1.177918    1.042461   5340.06   5524.93    1.000
      clockrate                1.083848    0.003009    0.978661    1.193060    1.082446   1372.30   1443.18    1.000
      clockrate                1.179937    0.011699    0.975734    1.399383    1.175425   1086.08   1109.64    1.000
      clockrate                1.101120    0.004160    0.981242    1.234117    1.099388    488.88    524.29    1.001
      clockrate                1.150906    0.003270    1.041350    1.265085    1.149494    697.99    953.59    1.000
      clockrate                1.048584    0.003588    0.931401    1.165500    1.047993   1212.04   1476.60    1.000
      clockrate                1.168840    0.005300    1.024573    1.308043    1.166554    891.90   1006.16    1.000
      clockrate                1.137694    0.007462    0.967081    1.304581    1.135536    870.87   1087.84    1.000
      clockrate                1.027636    0.003317    0.921218    1.145550    1.026032   1446.21   1539.98    1.000
      clockrate                1.087015    0.006743    0.928696    1.251549    1.085481    583.64    651.19    1.001
      clockrate                0.996778    0.007714    0.825143    1.168847    0.993782    944.65   1046.91    1.000
      clockrate                1.056297    0.004661    0.927681    1.192615    1.053858   1320.71   1412.34    1.000
      clockrate                1.070183    0.004656    0.939414    1.207088    1.068720   1124.29   1240.57    1.001
      clockrate                1.092530    0.004667    0.960449    1.227688    1.090585    978.75   1005.20    1.001
      clockrate                1.168775    0.004875    1.036059    1.308321    1.167246   1570.07   1582.28    1.001
      clockrate                1.125596    0.004317    0.997711    1.254183    1.124942    324.66    404.18    1.001
      clockrate                1.090168    0.009170    0.898744    1.278112    1.088214    588.13    597.55    1.001
      clockrate                1.027520    0.005248    0.888366    1.170748    1.024901    268.96    372.19    1.001
      clockrate                1.136227    0.003265    1.024142    1.246721    1.135557   1118.67   1317.11    1.000
      clockrate                1.007834    0.003862    0.886872    1.131123    1.006333    487.89    621.99    1.000
      clockrate                1.135964    0.007044    0.976512    1.306215    1.133092   1264.16   1281.47    1.000
      clockrate                1.005549    0.003206    0.893610    1.115819    1.005373    497.40    731.31    1.002
      clockrate                1.073520    0.005717    0.924562    1.219172    1.071991    630.56    651.15    1.002
