      age[0]         0.959022    0.002329    0.878488    1.065094    0.951424    1.011    2
      age[0]        0.987750    0.000327    0.954875    1.020236    0.985662    1.001    2
      age[0]         0.996283    0.000704    0.950728    1.051820    0.992696    1.004    2
      age[0]         1.004978    0.000717    0.955546    1.058829    1.002741    1.001    2
      age[0]         0.987481    0.000502    0.945650    1.031689    0.985920    1.002    2
      age[0]        0.971141    0.000718    0.919076    1.023145    0.969103    1.000    2
      age[0]        0.979550    0.000205    0.952781    1.007533    0.978131    1.000    2
      age[0]        0.835128    0.003165    0.738637    0.939273    0.831913    1.000    2
      age[0]        0.988900    0.000432    0.949484    1.029955    0.987090    1.002    2
      age[0]         0.943273    0.000559    0.901295    0.989327    0.940359    1.000    2
      age[0]        0.928977    0.000939    0.879745    0.988404    0.923823    1.002    2
      age[0]        0.870575    0.002024    0.831186    0.962081    0.855048    1.009    2
      age[0]        0.908508    0.001160    0.857043    0.970952    0.903472    1.001    2
      age[0]        0.960832    0.002212    0.880013    1.054771    0.953251    1.000    2
      age[0]         0.990005    0.000827    0.935903    1.049013    0.988164    1.008    2
      age[0]         0.953659    0.000339    0.919565    0.991056    0.952617    1.000    2
      age[0]         0.998368    0.000379    0.966400    1.035607    0.995198    1.001    2
      age[0]        0.963425    0.001125    0.902386    1.030244    0.960430    1.001    2
      age[0]        0.884327    0.006751    0.746974    1.044167    0.871022    1.000    2
      age[0]        1.021588    0.001254    0.952175    1.084836    1.018717    1.000    2
      age[0]         0.987811    0.000700    0.939903    1.041437    0.984901    1.000    2
      age[0]        1.027993    0.000882    0.979341    1.083815    1.023342    1.000    2
      age[0]        0.970913    0.002401    0.880750    1.067321    0.966513    1.000    2
      age[0]        0.966602    0.001056    0.906546    1.030616    0.963877    1.000    2
      age[0]         0.954327    0.000672    0.907180    1.005784    0.951332    1.003    2
      age[0]        0.960552    0.002643    0.869612    1.065160    0.953500    1.007    2
      age[0]        0.941592    0.001119    0.878351    1.006828    0.938756    1.002    2
      age[0]        1.003530    0.001617    0.929140    1.084016    1.000165    1.002    2
      age[0]        0.998983    0.002938    0.898229    1.105611    0.993198    1.002    2
      age[0]         1.088407    0.004062    0.975601    1.215753    1.081325    1.003    2
      age[0]         1.025384    0.002859    0.933164    1.134551    1.016057    1.001    2
      age[0]        1.026271    0.002390    0.934424    1.119456    1.022721    1.000    2
      age[0]        1.013291    0.000595    0.966709    1.062933    1.011999    1.001    2
      age[0]        1.014911    0.001056    0.970763    1.076672    1.008639    1.000    2
      age[0]         0.984516    0.000535    0.940401    1.030574    0.982446    1.005    2
      age[0]        0.998389    0.000475    0.958417    1.041535    0.996445    1.001    2
      age[0]        1.005644    0.001948    0.927406    1.095693    1.001941    1.000    2
      age[0]        0.910231    0.000394    0.882011    0.950929    0.906253    1.000    2
      age[0]        0.993025    0.000203    0.969388    1.020499    0.991066    1.000    2
      age[0]        1.016453    0.000660    0.970641    1.070527    1.014235    1.001    2
      age[0]         0.953652    0.001151    0.890878    1.020438    0.950489    1.007    2
      age[0]        0.978538    0.001181    0.917112    1.049026    0.975419    1.006    2
      age[0]         0.951416    0.002351    0.860441    1.051392    0.947021    1.002    2
      age[0]         0.998739    0.000901    0.943200    1.059903    0.996148    1.000    2
      age[0]         0.989147    0.000844    0.948734    1.048945    0.982300    1.031    2
      age[0]        1.041931    0.000846    0.989187    1.102204    1.039508    1.000    2
      age[0]         0.967825    0.000491    0.927744    1.013284    0.965928    1.000    2
      age[0]        1.002885    0.001179    0.937686    1.070482    0.999535    1.000    2
      age[0]        1.011292    0.000382    0.975488    1.049326    1.009437    1.000    2
      age[0]         0.967057    0.000233    0.943425    0.995363    0.964867    1.000    2
      age[0]        0.960039    0.000270    0.930537    0.993376    0.958400    1.001    2
      age[0]        0.974923    0.001895    0.899755    1.062470    0.969619    1.000    2
      age[0]        0.935090    0.001263    0.869213    1.006333    0.932346    1.000    2
      age[0]        0.972340    0.002690    0.880896    1.079338    0.966864    1.001    2
      age[0]        0.977774    0.000482    0.936090    1.021116    0.975955    1.001    2
      age[0]        1.002606    0.000608    0.966031    1.050342    0.997732    1.001    2
      age[0]         1.021191    0.003567    0.939785    1.142362    1.007361    1.071    2
      age[0]        1.024110    0.002349    0.935417    1.118928    1.019256    1.001    2
      age[0]        0.948464    0.000742    0.898386    1.002620    0.945753    1.001    2
      age[0]         0.950192    0.000290    0.927809    0.984191    0.945680    1.001    2
      age[0]        0.983391    0.000403    0.956538    1.021599    0.979302    1.000    2
      age[0]         1.020169    0.003020    0.934934    1.134153    1.008946    1.009    2
      age[0]        1.034057    0.000764    0.984145    1.089316    1.031496    1.000    2
      age[0]         1.018809    0.001655    0.942365    1.097617    1.017314    1.011    2
      age[0]         0.956751    0.000607    0.911413    1.004497    0.954484    1.003    2
      age[0]         0.973153    0.000898    0.917752    1.031810    0.971277    1.000    2
      age[0]        1.044007    0.005882    0.909716    1.202336    1.037040    1.001    2
      age[0]        0.970678    0.000789    0.925393    1.023427    0.966039    1.000    2
      age[0]        0.960723    0.001158    0.897738    1.026332    0.957537    1.000    2
      age[0]        1.004825    0.000702    0.954634    1.057418    1.002655    1.000    2
      age[0]         0.979393    0.000832    0.926865    1.037251    0.977403    1.019    2
      age[0]        1.004393    0.000801    0.951860    1.060889    1.001886    1.001    2
      age[0]         0.953727    0.000628    0.908840    1.004092    0.950233    1.001    2
      age[0]        0.943403    0.001616    0.871942    1.026131    0.938881    1.000    2
      age[0]        1.007347    0.000625    0.958881    1.055500    1.005843    1.001    2
      age[0]        0.946797    0.007147    0.801716    1.104694    0.934111    1.000    2
      age[0]         1.015066    0.001354    0.951000    1.092586    1.010897    1.008    2
      age[0]        0.962958    0.000526    0.919769    1.008380    0.961130    1.000    2
      age[0]         1.000777    0.000557    0.956317    1.047838    0.998846    1.000    2
      age[0]        0.973398    0.000804    0.921315    1.028809    0.971116    1.000    2
      age[0]        0.963298    0.003254    0.860943    1.073175    0.957600    1.004    2
      age[0]         1.014597    0.002176    0.928065    1.104426    1.011164    1.001    2
      age[0]         1.029750    0.001630    0.956115    1.110306    1.024733    1.003    2
      age[0]        0.972823    0.005074    0.847008    1.120330    0.966731    1.000    2
      age[0]        0.981504    0.001482    0.911582    1.059142    0.977839    1.000    2
      age[0]        1.011817    0.001009    0.954969    1.077573    1.009296    1.000    2
      age[0]        0.854234    0.004465    0.734599    0.988250    0.846849    1.001    2
      age[0]        0.982986    0.001223    0.914753    1.050134    0.980023    1.000    2
      age[0]        0.974651    0.000950    0.917314    1.035914    0.971896    1.000    2
      age[0]        1.015508    0.003137    0.918377    1.131107    1.008225    1.001    2
      age[0]         0.959705    0.000311    0.934833    0.993170    0.956530    1.001    2
      age[0]        1.025871    0.001271    0.962810    1.097289    1.021726    1.003    2
      age[0]         0.930101    0.000306    0.902411    0.964316    0.927297    1.002    2
      age[0]        1.034429    0.004973    0.911191    1.177006    1.025487    1.000    2
      age[0]         0.947029    0.000688    0.899138    1.001105    0.944985    1.002    2
      age[0]         0.980586    0.000300    0.949298    1.015361    0.978578    1.001    2
      age[0]        1.014490    0.001187    0.960128    1.089060    1.007087    1.001    2
      age[0]        1.001600    0.000230    0.973358    1.031212    1.000064    1.000    2
      age[0]        0.952081    0.002381    0.856194    1.047296    0.946623    1.010    2
      age[0]        0.941719    0.002257    0.852594    1.035668    0.937383    1.000    2
